TIME,ELAPSED_SECONDS,PSTATE,acc_x,acc_y,acc_z,mag_x,mag_y,mag_z,gyr_x,gyr_y,gyr_z,lin_x,lin_y,lin_z,eul_x,eul_y,eul_z,qua_w,qua_x,qua_y,qua_z,LABLE
1479710.0,1391.077101,1.0,8.14,-0.35,5.26,-34.06,-13.25,-24.69,-0.06,2.06,1.0,-0.08670565957909357,-0.0018176472607930871,0.10911532232261578,-56.28940782045202,5.812283928177061,-122.92389068833597,-0.055,-0.4717,0.0507,-0.8785,0
1479710.0,1391.077101,1.0,8.14,-0.35,5.26,-34.06,-13.25,-24.69,-0.06,2.06,1.0,-0.08670565957909357,-0.0018176472607930871,0.10911532232261578,-56.28940782045202,5.812283928177061,-122.92389068833597,-0.055,-0.4717,0.0507,-0.8785,0
1479745.0,1391.096172,1.0,8.17,-0.29,5.39,-34.75,-12.5,-26.25,-0.56,-0.37,0.37,-0.005848008122118692,0.0759955068598997,0.014852898153062455,-56.28940782045202,5.823757869537402,-122.94788136502076,-0.055,-0.4717,0.0508,-0.8786,0
1479745.0,1391.096172,1.0,8.17,-0.29,5.39,-34.75,-12.5,-26.25,-0.56,-0.37,0.37,-0.005848008122118692,0.0759955068598997,0.014852898153062455,-56.28940782045202,5.823757869537402,-122.94788136502076,-0.055,-0.4717,0.0508,-0.8786,0
1479782.0,1391.156165,1.0,8.17,-0.24,5.36,-34.75,-13.25,-25.5,0.0,-0.25,0.25,-0.03777362095160297,0.12120057338649015,0.03321746201361364,-56.28940782045202,5.823757869537402,-122.94788136502076,-0.055,-0.4717,0.0508,-0.8786,0
1479782.0,1391.156165,1.0,8.17,-0.24,5.36,-34.75,-13.25,-25.5,0.0,-0.25,0.25,-0.03777362095160297,0.12120057338649015,0.03321746201361364,-56.28940782045202,5.823757869537402,-122.94788136502076,-0.055,-0.4717,0.0508,-0.8786,0
1479817.0,1391.159625,1.0,8.12,-0.36,5.35,-34.75,-13.25,-25.5,1.81,-1.25,-0.63,0.0033590295936052478,-0.0011209287373879495,0.07595179995088941,-56.31540097731903,5.777862453568277,-122.92389068833597,-0.0548,-0.4719,0.0504,-0.8785,0
1479817.0,1391.159625,1.0,8.12,-0.36,5.35,-34.75,-13.25,-25.5,1.81,-1.25,-0.63,0.0033590295936052478,-0.0011209287373879495,0.07595179995088941,-56.31540097731903,5.777862453568277,-122.92389068833597,-0.0548,-0.4719,0.0504,-0.8785,0
1479854.0,1391.200905,1.0,8.06,-0.37,5.46,-34.38,-12.5,-24.69,0.69,-0.88,-0.63,0.1345898315253621,0.0034834791660312003,0.06529622125739465,-56.35439663135928,5.743441500733661,-122.89990924402274,-0.0547,-0.4722,0.0501,-0.8784,0
1479854.0,1391.200905,1.0,8.06,-0.37,5.46,-34.38,-12.5,-24.69,0.69,-0.88,-0.63,0.1345898315253621,0.0034834791660312003,0.06529622125739465,-56.35439663135928,5.743441500733661,-122.89990924402274,-0.0547,-0.4722,0.0501,-0.8784,0
1479888.0,1391.267355,1.0,8.23,-0.37,5.38,-34.38,-13.56,-24.69,-0.31,-0.44,-0.31,-0.021542049743408703,-0.01936895717155529,-0.032728068942718735,-56.36739676228097,5.7319679651977244,-122.87593702038136,-0.0549,-0.4723,0.05,-0.8783,0
1479888.0,1391.267355,1.0,8.23,-0.37,5.38,-34.38,-13.56,-24.69,-0.31,-0.44,-0.31,-0.021542049743408703,-0.01936895717155529,-0.032728068942718735,-56.36739676228097,5.7319679651977244,-122.87593702038136,-0.0549,-0.4723,0.05,-0.8783,0
1479925.0,1391.285962,1.0,8.18,-0.19,5.39,-34.38,-13.56,-24.69,2.13,-2.44,-2.38,0.0018444169933380973,0.15642897002594447,0.00990939021234638,-56.44541415515267,5.697547703194251,-122.80407555685306,-0.0551,-0.4729,0.0497,-0.878,0
1479925.0,1391.285962,1.0,8.18,-0.19,5.39,-34.38,-13.56,-24.69,2.13,-2.44,-2.38,0.0018444169933380973,0.15642897002594447,0.00990939021234638,-56.44541415515267,5.697547703194251,-122.80407555685306,-0.0551,-0.4729,0.0497,-0.878,0
1479960.0,1391.322939,1.0,8.35,-0.27,5.18,-35.06,-12.88,-24.69,2.06,-2.25,-3.19,-0.23341028366410516,0.014584536561914108,-0.02051169251188867,-56.549481719281694,5.559871768630059,-122.70838865597605,-0.0557,-0.4737,0.0485,-0.8776,0
1479960.0,1391.322939,1.0,8.35,-0.27,5.18,-35.06,-12.88,-24.69,2.06,-2.25,-3.19,-0.23341028366410516,0.014584536561914108,-0.02051169251188867,-56.549481719281694,5.559871768630059,-122.70838865597605,-0.0557,-0.4737,0.0485,-0.8776,0
1479995.0,1391.383904,1.0,9.02,0.1,5.06,-35.06,-13.25,-24.25,-1.94,-3.56,-10.0,-0.7298731550596148,0.3014666629161643,-0.5059831762878808,-56.65360014298316,5.491036825631306,-122.58898532309728,-0.0574,-0.4745,0.0479,-0.8771,0
1479995.0,1391.383904,1.0,9.02,0.1,5.06,-35.06,-13.25,-24.25,-1.94,-3.56,-10.0,-0.7298731550596148,0.3014666629161643,-0.5059831762878808,-56.65360014298316,5.491036825631306,-122.58898532309728,-0.0574,-0.4745,0.0479,-0.8771,0
1480032.0,1391.390992,1.0,8.99,0.35,5.08,-35.06,-13.25,-24.25,-2.38,-13.19,-16.37,-0.6457714947837913,0.4800018408212916,-0.4939119948298405,-57.10972027162278,5.307486603594609,-122.06628574219846,-0.0621,-0.478,0.0463,-0.8749,0
1480032.0,1391.390992,1.0,8.99,0.35,5.08,-35.06,-13.25,-24.25,-2.38,-13.19,-16.37,-0.6457714947837913,0.4800018408212916,-0.4939119948298405,-57.10972027162278,5.307486603594609,-122.06628574219846,-0.0621,-0.478,0.0463,-0.8749,0
1480067.0,1391.430725,1.0,8.94,0.45,5.14,-34.38,-13.25,-25.06,4.06,-16.69,-20.44,-0.4870631817385489,0.5129539148356743,-0.4911821863511392,-57.61913540426363,5.020716482682319,-121.52439307990119,-0.0659,-0.4819,0.0438,-0.8726,0
1480067.0,1391.430725,1.0,8.94,0.45,5.14,-34.38,-13.25,-25.06,4.06,-16.69,-20.44,-0.4870631817385489,0.5129539148356743,-0.4911821863511392,-57.61913540426363,5.020716482682319,-121.52439307990119,-0.0659,-0.4819,0.0438,-0.8726,0
1480103.0,1391.455537,1.0,9.27,0.38,4.65,-34.0,-13.56,-24.69,5.81,-21.94,-29.69,-0.8931735906622936,0.18109585934341543,-0.5311082302292274,-58.45781325060041,4.321125783265932,-120.63897960324066,-0.0726,-0.4883,0.0377,-0.8688,0
1480103.0,1391.455537,1.0,9.27,0.38,4.65,-34.0,-13.56,-24.69,5.81,-21.94,-29.69,-0.8931735906622936,0.18109585934341543,-0.5311082302292274,-58.45781325060041,4.321125783265932,-120.63897960324066,-0.0726,-0.4883,0.0377,-0.8688,0
1480138.0,1391.472749,1.0,9.23,0.33,4.8,-34.38,-14.38,-23.5,7.88,-30.19,-31.81,-0.5668871666472757,0.01809364182953188,-0.5866224182721158,-59.32631288225003,3.7592774051414257,-119.71975142044465,-0.0784,-0.4949,0.0328,-0.8648,0
1480138.0,1391.472749,1.0,9.23,0.33,4.8,-34.38,-14.38,-23.5,7.88,-30.19,-31.81,-0.5668871666472757,0.01809364182953188,-0.5866224182721158,-59.32631288225003,3.7592774051414257,-119.71975142044465,-0.0784,-0.4949,0.0328,-0.8648,0
1480171.0,1391.513607,1.0,9.33,0.76,4.88,-34.38,-14.38,-23.5,2.5,-34.06,-28.12,-0.34475639125733515,0.28636552133726273,-0.7403892916152763,-60.742379605104325,3.140201723904295,-118.20783138151002,-0.0857,-0.5056,0.0274,-0.8581,0
1480171.0,1391.513607,1.0,9.33,0.76,4.88,-34.38,-14.38,-23.5,2.5,-34.06,-28.12,-0.34475639125733515,0.28636552133726273,-0.7403892916152763,-60.742379605104325,3.140201723904295,-118.20783138151002,-0.0857,-0.5056,0.0274,-0.8581,0
1480208.0,1391.578034,1.0,10.04,0.82,4.3,-35.06,-14.75,-21.87,22.25,-39.06,-26.75,-0.9594810111612269,0.04890569807405004,-1.1039413873592103,-61.887993705876426,2.4295230620087382,-117.03506304367225,-0.0891,-0.5142,0.0212,-0.8528,0
1480208.0,1391.578034,1.0,10.04,0.82,4.3,-35.06,-14.75,-21.87,22.25,-39.06,-26.75,-0.9594810111612269,0.04890569807405004,-1.1039413873592103,-61.887993705876426,2.4295230620087382,-117.03506304367225,-0.0891,-0.5142,0.0212,-0.8528,0
1480245.0,1391.59607,1.0,9.78,0.67,4.31,-35.5,-17.75,-21.5,23.19,-58.94,-26.37,-0.3943929778002747,-0.2478047610137279,-0.8917819869540082,-63.98388526065868,1.1688541705956874,-114.9378688809502,-0.0911,-0.5298,0.0102,-0.8431,0
1480245.0,1391.59607,1.0,9.78,0.67,4.31,-35.5,-17.75,-21.5,23.19,-58.94,-26.37,-0.3943929778002747,-0.2478047610137279,-0.8917819869540082,-63.98388526065868,1.1688541705956874,-114.9378688809502,-0.0911,-0.5298,0.0102,-0.8431,0
1480280.0,1391.639859,1.0,9.94,0.69,4.53,-35.5,-17.75,-21.5,29.81,-56.0,-19.06,0.08040652989051655,-0.34233772507796234,-1.133045593202736,-65.74890233219018,0.32085678452705746,-113.19003713661382,-0.0918,-0.5428,0.0028,-0.8348,0
1480280.0,1391.639859,1.0,9.94,0.69,4.53,-35.5,-17.75,-21.5,29.81,-56.0,-19.06,0.08040652989051655,-0.34233772507796234,-1.133045593202736,-65.74890233219018,0.32085678452705746,-113.19003713661382,-0.0918,-0.5428,0.0028,-0.8348,0
1480314.0,1391.70185,1.0,10.96,1.58,3.85,-35.88,-17.37,-19.5,7.75,-54.25,-22.56,-0.6255800906906441,0.19190390408720703,-1.8985762875062573,-67.87662551738967,-0.4927452222969898,-111.05541520272615,-0.093,-0.5583,-0.0043,-0.8244,0
1480314.0,1391.70185,1.0,10.96,1.58,3.85,-35.88,-17.37,-19.5,7.75,-54.25,-22.56,-0.6255800906906441,0.19190390408720703,-1.8985762875062573,-67.87662551738967,-0.4927452222969898,-111.05541520272615,-0.093,-0.5583,-0.0043,-0.8244,0
1480349.0,1391.719874,1.0,12.19,2.97,3.69,-35.88,-19.87,-16.25,9.25,-73.75,-43.38,-0.7692320502369162,1.0871735548715469,-3.203324470170042,-70.63403485049959,-1.569953472031555,-108.15279095507611,-0.1,-0.5781,-0.0137,-0.8098,0
1480349.0,1391.719874,1.0,12.19,2.97,3.69,-35.88,-19.87,-16.25,9.25,-73.75,-43.38,-0.7692320502369162,1.0871735548715469,-3.203324470170042,-70.63403485049959,-1.569953472031555,-108.15279095507611,-0.1,-0.5781,-0.0137,-0.8098,0
1480386.0,1391.764392,1.0,10.94,2.78,3.9,-36.0,-20.25,-13.88,30.25,-95.25,-59.31,0.4485465707322353,0.8396937056444939,-2.097791207153966,-73.31067854232553,-3.094348134689141,-105.25385814101203,-0.1063,-0.597,-0.027,-0.7947,0
1480386.0,1391.764392,1.0,10.94,2.78,3.9,-36.0,-20.25,-13.88,30.25,-95.25,-59.31,0.4485465707322353,0.8396937056444939,-2.097791207153966,-73.31067854232553,-3.094348134689141,-105.25385814101203,-0.1063,-0.597,-0.027,-0.7947,0
1480421.0,1391.783252,1.0,10.39,3.16,3.48,-36.0,-20.25,-13.88,34.19,-97.31,-53.88,0.951143321973511,0.915422787440145,-1.5205485725200631,-77.10038770859832,-5.009246344236124,-101.12175699059142,-0.1151,-0.6232,-0.0437,-0.7723,0
1480421.0,1391.783252,1.0,10.39,3.16,3.48,-36.0,-20.25,-13.88,34.19,-97.31,-53.88,0.951143321973511,0.915422787440145,-1.5205485725200631,-77.10038770859832,-5.009246344236124,-101.12175699059142,-0.1151,-0.6232,-0.0437,-0.7723,0
1480458.0,1391.825475,1.0,9.84,3.6,2.84,-36.69,-22.87,-11.5,41.13,-94.19,-59.38,0.962293557958634,1.127476685022235,-0.9476043875920386,-79.83740266974313,-6.81074774568607,-98.10318002956838,-0.1194,-0.6417,-0.0594,-0.7553,0
1480458.0,1391.825475,1.0,9.84,3.6,2.84,-36.69,-22.87,-11.5,41.13,-94.19,-59.38,0.962293557958634,1.127476685022235,-0.9476043875920386,-79.83740266974313,-6.81074774568607,-98.10318002956838,-0.1194,-0.6417,-0.0594,-0.7553,0
1480495.0,1391.888517,1.0,9.71,3.68,2.49,-35.19,-24.75,-6.56,62.19,-87.44,-54.56,1.393107183859677,0.8020271037865943,-0.7499879543427674,-83.34930824823599,-9.637046865121436,-94.14229255211987,-0.1216,-0.6649,-0.084,-0.7322,0
1480495.0,1391.888517,1.0,9.71,3.68,2.49,-35.19,-24.75,-6.56,62.19,-87.44,-54.56,1.393107183859677,0.8020271037865943,-0.7499879543427674,-83.34930824823599,-9.637046865121436,-94.14229255211987,-0.1216,-0.6649,-0.084,-0.7322,0
1480529.0,1391.905861,1.0,9.82,3.74,1.37,-35.19,-24.75,-6.56,65.87,-85.44,-57.81,0.8209774822980114,0.47595274439765056,-0.7477976387284251,-85.85932167442839,-11.766299745968878,-91.18809708858042,-0.1233,-0.6811,-0.1025,-0.7144,0
1480529.0,1391.905861,1.0,9.82,3.74,1.37,-35.19,-24.75,-6.56,65.87,-85.44,-57.81,0.8209774822980114,0.47595274439765056,-0.7477976387284251,-85.85932167442839,-11.766299745968878,-91.18809708858042,-0.1233,-0.6811,-0.1025,-0.7144,0
1480562.0,1391.90891,1.0,9.55,3.47,0.62,-34.56,-26.75,-2.56,66.62,-78.25,-64.5,0.7980351874038456,-0.15231944925788898,-0.34065203675061184,-88.96638422477437,-15.35534492966006,-87.29188537138377,-0.1213,-0.7007,-0.1336,-0.6902,0
1480562.0,1391.90891,1.0,9.55,3.47,0.62,-34.56,-26.75,-2.56,66.62,-78.25,-64.5,0.7980351874038456,-0.15231944925788898,-0.34065203675061184,-88.96638422477437,-15.35534492966006,-87.29188537138377,-0.1213,-0.7007,-0.1336,-0.6902,0
1480599.0,1391.950402,1.0,9.32,3.7,0.08,-32.75,-30.19,0.5,66.56,-80.5,-71.94,0.7470636437747151,-0.21727770151509018,-0.19102404512541327,-91.05716253041412,-18.00760340318733,-84.41228425907684,-0.123,-0.7136,-0.1565,-0.6718,0
1480599.0,1391.950402,1.0,9.32,3.7,0.08,-32.75,-30.19,0.5,66.56,-80.5,-71.94,0.7470636437747151,-0.21727770151509018,-0.19102404512541327,-91.05716253041412,-18.00760340318733,-84.41228425907684,-0.123,-0.7136,-0.1565,-0.6718,0
1480634.0,1392.006809,1.0,8.49,3.06,-0.53,-30.56,-31.56,3.75,75.31,-80.81,-73.5,0.6477903529275005,-0.935621336195565,0.8383959684780518,-93.75602271423008,-21.730517688284202,-80.30136362645773,-0.1257,-0.7299,-0.1885,-0.6448,0
1480634.0,1392.006809,1.0,8.49,3.06,-0.53,-30.56,-31.56,3.75,75.31,-80.81,-73.5,0.6477903529275005,-0.935621336195565,0.8383959684780518,-93.75602271423008,-21.730517688284202,-80.30136362645773,-0.1257,-0.7299,-0.1885,-0.6448,0
1480669.0,1392.014032,1.0,7.58,2.83,-0.84,-30.56,-31.56,3.75,74.75,-77.31,-54.56,0.6250165222787798,-0.9889680762133413,1.7566688515059585,-95.83832110194955,-24.221263990434835,-77.23232058732377,-0.1252,-0.7422,-0.2098,-0.6241,0
1480669.0,1392.014032,1.0,7.58,2.83,-0.84,-30.56,-31.56,3.75,74.75,-77.31,-54.56,0.6250165222787798,-0.9889680762133413,1.7566688515059585,-95.83832110194955,-24.221263990434835,-77.23232058732377,-0.1252,-0.7422,-0.2098,-0.6241,0
1480706.0,1392.089115,1.0,8.0,3.4,-1.75,-28.69,-32.38,8.19,44.75,-62.25,-73.87,0.30457543778687585,-1.018722267008374,1.003699429572018,-97.5452305573509,-27.30115334647518,-73.9834968931097,-0.1292,-0.7521,-0.236,-0.6017,0
1480706.0,1392.089115,1.0,8.0,3.4,-1.75,-28.69,-32.38,8.19,44.75,-62.25,-73.87,0.30457543778687585,-1.018722267008374,1.003699429572018,-97.5452305573509,-27.30115334647518,-73.9834968931097,-0.1292,-0.7521,-0.236,-0.6017,0
1480742.0,1392.092647,1.0,6.43,2.55,-1.36,-27.19,-33.06,11.0,62.75,-68.31,-65.94,0.5131590817640587,-1.242609948621,2.8864196373320645,-98.8226634591114,-29.68940484166728,-71.3377536515333,-0.133,-0.7594,-0.2562,-0.5831,0
1480742.0,1392.092647,1.0,6.43,2.55,-1.36,-27.19,-33.06,11.0,62.75,-68.31,-65.94,0.5131590817640587,-1.242609948621,2.8864196373320645,-98.8226634591114,-29.68940484166728,-71.3377536515333,-0.133,-0.7594,-0.2562,-0.5831,0
1480775.0,1392.136241,1.0,6.48,2.75,-2.07,-27.19,-33.06,11.0,38.75,-48.63,-58.0,0.1997251766161479,-1.322342013948575,2.5921284322193596,-100.20622564478923,-32.28174931703743,-68.34689157105544,-0.1365,-0.7672,-0.278,-0.5617,0
1480775.0,1392.136241,1.0,6.48,2.75,-2.07,-27.19,-33.06,11.0,38.75,-48.63,-58.0,0.1997251766161479,-1.322342013948575,2.5921284322193596,-100.20622564478923,-32.28174931703743,-68.34689157105544,-0.1365,-0.7672,-0.278,-0.5617,0
1480810.0,1392.193693,1.0,6.38,3.04,-2.62,-23.5,-35.0,15.0,25.81,-38.5,-55.0,-0.0630809714469383,-1.2586212750428292,2.3754796159318987,-100.70777770605257,-34.60301565627788,-66.22709184452836,-0.1424,-0.77,-0.2974,-0.5463,0
1480810.0,1392.193693,1.0,6.38,3.04,-2.62,-23.5,-35.0,15.0,25.81,-38.5,-55.0,-0.0630809714469383,-1.2586212750428292,2.3754796159318987,-100.70777770605257,-34.60301565627788,-66.22709184452836,-0.1424,-0.77,-0.2974,-0.5463,0
1480847.0,1392.206309,1.0,7.49,4.72,-2.41,-22.0,-35.75,16.56,-22.0,-1.56,-116.56,0.90579541110155,-1.0299904833903128,0.7344256709088839,-99.99207732629806,-36.46817032738551,-65.3400500368357,-0.1548,-0.766,-0.3129,-0.5398,0
1480847.0,1392.206309,1.0,7.49,4.72,-2.41,-22.0,-35.75,16.56,-22.0,-1.56,-116.56,0.90579541110155,-1.0299904833903128,0.7344256709088839,-99.99207732629806,-36.46817032738551,-65.3400500368357,-0.1548,-0.766,-0.3129,-0.5398,0
1480884.0,1392.255056,1.0,8.58,6.35,-4.17,-22.0,-35.75,16.56,-146.44,58.94,-313.19,-1.0832535919645336,-2.349696964312216,-1.3572778854441712,-91.81213674447598,-42.569102018017894,-66.36395629393388,-0.23,-0.7182,-0.363,-0.5473,0
1480884.0,1392.255056,1.0,8.58,6.35,-4.17,-22.0,-35.75,16.56,-146.44,58.94,-313.19,-1.0832535919645336,-2.349696964312216,-1.3572778854441712,-91.81213674447598,-42.569102018017894,-66.36395629393388,-0.23,-0.7182,-0.363,-0.5473,0
1480919.0,1392.276043,1.0,4.29,5.94,-1.45,-19.37,-36.88,16.56,-100.44,35.44,-303.06,0.21193053426898878,-0.7341389320019855,2.376554073488454,-84.05697257154473,-48.02049166769566,-66.18605330414924,-0.2969,-0.6695,-0.4069,-0.546,0
1480919.0,1392.276043,1.0,4.29,5.94,-1.45,-19.37,-36.88,16.56,-100.44,35.44,-303.06,0.21193053426898878,-0.7341389320019855,2.376554073488454,-84.05697257154473,-48.02049166769566,-66.18605330414924,-0.2969,-0.6695,-0.4069,-0.546,0
1480955.0,1392.315029,1.0,2.71,6.2,-1.33,-9.0,-42.38,11.38,-5.88,-15.69,-68.69,0.10256598145352414,0.05658043945212743,2.911776623837106,-80.16650253253808,-51.53241190190736,-64.6606978473082,-0.3323,-0.6439,-0.4347,-0.5348,0
1480955.0,1392.315029,1.0,2.71,6.2,-1.33,-9.0,-42.38,11.38,-5.88,-15.69,-68.69,0.10256598145352414,0.05658043945212743,2.911776623837106,-80.16650253253808,-51.53241190190736,-64.6606978473082,-0.3323,-0.6439,-0.4347,-0.5348,0
1480990.0,1392.331288,1.0,3.47,9.2,-0.93,-0.69,-42.88,9.0,-34.13,-12.38,5.81,1.0712970238071065,0.49661460625714593,0.0009630470306145611,-80.06170285521924,-51.189104556752945,-64.53868567478605,-0.3387,-0.6432,-0.432,-0.5339,0
1480990.0,1392.331288,1.0,3.47,9.2,-0.93,-0.69,-42.88,9.0,-34.13,-12.38,5.81,1.0712970238071065,0.49661460625714593,0.0009630470306145611,-80.06170285521924,-51.189104556752945,-64.53868567478605,-0.3387,-0.6432,-0.432,-0.5339,0
1481023.0,1392.375099,1.0,3.92,10.29,-0.85,-0.69,-42.88,9.0,-21.94,2.94,-15.81,1.164623392564299,0.4642336924884978,-1.1660953006187373,-79.4196881806162,-50.567318276092784,-65.01364072680406,-0.3473,-0.6389,-0.4271,-0.5374,0
1481023.0,1392.375099,1.0,3.92,10.29,-0.85,-0.69,-42.88,9.0,-21.94,2.94,-15.81,1.164623392564299,0.4642336924884978,-1.1660953006187373,-79.4196881806162,-50.567318276092784,-65.01364072680406,-0.3473,-0.6389,-0.4271,-0.5374,0
1481060.0,1392.426346,1.0,4.4,10.82,-1.27,-0.37,-43.38,9.0,-0.44,3.94,-15.06,0.8134399742355733,0.14316404736053379,-1.913551340585368,-78.95868851235782,-50.80822871779235,-65.04081883324783,-0.3504,-0.6358,-0.429,-0.5376,0
1481060.0,1392.426346,1.0,4.4,10.82,-1.27,-0.37,-43.38,9.0,-0.44,3.94,-15.06,0.8134399742355733,0.14316404736053379,-1.913551340585368,-78.95868851235782,-50.80822871779235,-65.04081883324783,-0.3504,-0.6358,-0.429,-0.5376,0
1481095.0,1392.447067,1.0,5.06,10.33,-2.34,-0.69,-42.56,8.56,52.06,-5.63,-10.69,-0.043618474401366125,-0.7200840684790242,-1.9094788983611668,-79.21130478773588,-52.04193081398262,-64.20019215099852,-0.3446,-0.6375,-0.4387,-0.5314,0
1481095.0,1392.447067,1.0,5.06,10.33,-2.34,-0.69,-42.56,8.56,52.06,-5.63,-10.69,-0.043618474401366125,-0.7200840684790242,-1.9094788983611668,-79.21130478773588,-52.04193081398262,-64.20019215099852,-0.3446,-0.6375,-0.4387,-0.5314,0
1481129.0,1392.489905,1.0,5.93,10.52,-3.13,-0.69,-42.56,8.56,62.13,-27.69,-21.25,-0.33374455337116027,-1.526410524353106,-2.5703805600430343,-80.16650253253808,-53.20524321404206,-62.63767369990508,-0.3386,-0.6439,-0.4478,-0.5198,0
1481129.0,1392.489905,1.0,5.93,10.52,-3.13,-0.69,-42.56,8.56,62.13,-27.69,-21.25,-0.33374455337116027,-1.526410524353106,-2.5703805600430343,-80.16650253253808,-53.20524321404206,-62.63767369990508,-0.3386,-0.6439,-0.4478,-0.5198,0
1481164.0,1392.509054,1.0,4.83,10.3,-3.36,-0.25,-42.25,9.38,73.94,-60.38,-35.38,-0.08834644584093798,-0.9179559421224512,-2.019509638438395,-81.41535708644899,-55.08416774837189,-59.59023341780745,-0.3374,-0.6522,-0.4624,-0.4969,0
1481164.0,1392.509054,1.0,4.83,10.3,-3.36,-0.25,-42.25,9.38,73.94,-60.38,-35.38,-0.08834644584093798,-0.9179559421224512,-2.019509638438395,-81.41535708644899,-55.08416774837189,-59.59023341780745,-0.3374,-0.6522,-0.4624,-0.4969,0
1481199.0,1392.594161,1.0,2.82,8.06,-2.99,1.56,-42.25,12.56,110.75,-55.44,-34.31,0.22471183720504095,-0.050951734949528316,0.7621484376735523,-83.82578176678318,-57.40999463594624,-55.25224136431043,-0.3287,-0.668,-0.4803,-0.4637,0
1481199.0,1392.594161,1.0,2.82,8.06,-2.99,1.56,-42.25,12.56,110.75,-55.44,-34.31,0.22471183720504095,-0.050951734949528316,0.7621484376735523,-83.82578176678318,-57.40999463594624,-55.25224136431043,-0.3287,-0.668,-0.4803,-0.4637,0
1481236.0,1392.605155,1.0,2.33,6.87,-3.88,3.38,-41.19,15.0,91.0,-28.94,-28.06,-0.6252875324681819,-0.07820513081021119,1.60402240518291,-85.0948131238888,-59.26038687771909,-52.62924891384529,-0.3191,-0.6762,-0.4944,-0.4433,0
1481236.0,1392.605155,1.0,2.33,6.87,-3.88,3.38,-41.19,15.0,91.0,-28.94,-28.06,-0.6252875324681819,-0.07820513081021119,1.60402240518291,-85.0948131238888,-59.26038687771909,-52.62924891384529,-0.3191,-0.6762,-0.4944,-0.4433,0
1481271.0,1392.648322,1.0,2.13,6.29,-3.71,3.38,-41.19,15.0,79.69,-25.37,-17.19,-0.2822802631250403,-0.1580579255315424,2.2066213457627866,-86.53414601080243,-61.03479928474156,-49.85865006631149,-0.3078,-0.6854,-0.5078,-0.4215,0
1481271.0,1392.648322,1.0,2.13,6.29,-3.71,3.38,-41.19,15.0,79.69,-25.37,-17.19,-0.2822802631250403,-0.1580579255315424,2.2066213457627866,-86.53414601080243,-61.03479928474156,-49.85865006631149,-0.3078,-0.6854,-0.5078,-0.4215,0
1481308.0,1392.667223,1.0,2.3,6.9,-3.54,4.19,-39.69,19.87,59.5,-21.44,0.31,0.4569644090091527,-0.15866979699501282,1.7321464595697584,-87.68843823597487,-61.84791552643628,-48.1836233337003,-0.299,-0.6927,-0.5139,-0.4082,0
1481308.0,1392.667223,1.0,2.3,6.9,-3.54,4.19,-39.69,19.87,59.5,-21.44,0.31,0.4569644090091527,-0.15866979699501282,1.7321464595697584,-87.68843823597487,-61.84791552643628,-48.1836233337003,-0.299,-0.6927,-0.5139,-0.4082,0
1481345.0,1392.710061,1.0,2.71,7.74,-3.68,5.25,-37.75,19.75,34.63,-9.69,-15.44,1.0244027309208328,-0.37406443449846805,0.8844992030382439,-88.21391588431884,-62.77185845365902,-46.84396830154976,-0.2938,-0.696,-0.5208,-0.3975,0
1481345.0,1392.710061,1.0,2.71,7.74,-3.68,5.25,-37.75,19.75,34.63,-9.69,-15.44,1.0244027309208328,-0.37406443449846805,0.8844992030382439,-88.21391588431884,-62.77185845365902,-46.84396830154976,-0.2938,-0.696,-0.5208,-0.3975,0
1481379.0,1392.728588,1.0,3.27,7.46,-5.19,5.25,-37.75,19.75,46.19,-18.75,-34.38,-0.11945397515994127,-1.1152883933408786,0.213816083607119,-88.24583799153994,-64.0109096555285,-45.54834570673154,-0.2909,-0.6962,-0.53,-0.3871,0
1481379.0,1392.728588,1.0,3.27,7.46,-5.19,5.25,-37.75,19.75,46.19,-18.75,-34.38,-0.11945397515994127,-1.1152883933408786,0.213816083607119,-88.24583799153994,-64.0109096555285,-45.54834570673154,-0.2909,-0.6962,-0.53,-0.3871,0
1481412.0,1392.773627,1.0,2.62,6.6,-5.54,5.69,-37.06,21.0,59.81,-37.06,-37.63,-0.5707336816301433,-0.9622077778777145,0.8699604979055806,-88.74173969605334,-65.70797477306883,-42.864402911297574,-0.2885,-0.6993,-0.5425,-0.3654,0
1481412.0,1392.773627,1.0,2.62,6.6,-5.54,5.69,-37.06,21.0,59.81,-37.06,-37.63,-0.5707336816301433,-0.9622077778777145,0.8699604979055806,-88.74173969605334,-65.70797477306883,-42.864402911297574,-0.2885,-0.6993,-0.5425,-0.3654,0
1481449.0,1392.791484,1.0,1.88,6.66,-5.74,7.19,-36.25,22.19,26.12,-21.06,-53.38,-0.6117209638325438,-0.4496117701745357,0.8477858577926689,-88.51752516910072,-67.06363860553823,-41.182660023882,-0.2899,-0.6979,-0.5524,-0.3517,0
1481449.0,1392.791484,1.0,1.88,6.66,-5.74,7.19,-36.25,22.19,26.12,-21.06,-53.38,-0.6117209638325438,-0.4496117701745357,0.8477858577926689,-88.51752516910072,-67.06363860553823,-41.182660023882,-0.2899,-0.6979,-0.5524,-0.3517,0
1481486.0,1392.82934,1.0,1.53,7.32,-6.02,9.0,-34.38,23.87,5.31,-20.44,-60.81,-0.41549630962985384,-0.3259525035755302,0.22099312203400245,-87.13363050750905,-69.04085162488089,-39.74156329781962,-0.2972,-0.6892,-0.5667,-0.3399,0
1481486.0,1392.82934,1.0,1.53,7.32,-6.02,9.0,-34.38,23.87,5.31,-20.44,-60.81,-0.41549630962985384,-0.3259525035755302,0.22099312203400245,-87.13363050750905,-69.04085162488089,-39.74156329781962,-0.2972,-0.6892,-0.5667,-0.3399,0
1481519.0,1392.883859,1.0,0.0,6.59,-5.45,9.0,-34.38,23.87,22.81,-22.12,-50.94,-0.46455657606382283,0.8252157007745247,1.3076026278040391,-86.36116191059776,-70.39546823502994,-38.44045190034536,-0.302,-0.6843,-0.5764,-0.3292,0
1481519.0,1392.883859,1.0,0.0,6.59,-5.45,9.0,-34.38,23.87,22.81,-22.12,-50.94,-0.46455657606382283,0.8252157007745247,1.3076026278040391,-86.36116191059776,-70.39546823502994,-38.44045190034536,-0.302,-0.6843,-0.5764,-0.3292,0
1481558.0,1392.901504,1.0,-0.24,7.44,-4.91,11.38,-32.88,23.87,19.56,-14.13,-8.38,0.5926728587969137,1.0446723975333052,0.9705480050998982,-86.12566858375125,-71.39418485009088,-37.180738981785375,-0.3027,-0.6828,-0.5835,-0.3188,0
1481558.0,1392.901504,1.0,-0.24,7.44,-4.91,11.38,-32.88,23.87,19.56,-14.13,-8.38,0.5926728587969137,1.0446723975333052,0.9705480050998982,-86.12566858375125,-71.39418485009088,-37.180738981785375,-0.3027,-0.6828,-0.5835,-0.3188,0
1481592.0,1392.945988,1.0,0.86,8.58,-5.18,12.5,-32.56,23.5,6.69,10.31,-10.25,1.2688060018418723,0.07991984542192654,-0.17193427573760367,-86.06294675165964,-71.80391056917499,-36.91486277109623,-0.3003,-0.6824,-0.5864,-0.3166,0
1481592.0,1392.945988,1.0,0.86,8.58,-5.18,12.5,-32.56,23.5,6.69,10.31,-10.25,1.2688060018418723,0.07991984542192654,-0.17193427573760367,-86.06294675165964,-71.80391056917499,-36.91486277109623,-0.3003,-0.6824,-0.5864,-0.3166,0
1481625.0,1392.966613,1.0,1.52,10.93,-6.49,12.5,-32.56,23.5,27.0,5.0,-25.5,1.7870002874611481,-0.40390737519191955,-2.863744185063039,-85.28160489303416,-72.78307520859934,-36.90278239165085,-0.2983,-0.6774,-0.5933,-0.3165,0
1481625.0,1392.966613,1.0,1.52,10.93,-6.49,12.5,-32.56,23.5,27.0,5.0,-25.5,1.7870002874611481,-0.40390737519191955,-2.863744185063039,-85.28160489303416,-72.78307520859934,-36.90278239165085,-0.2983,-0.6774,-0.5933,-0.3165,0
1481660.0,1393.045969,1.0,0.79,11.14,-5.91,12.88,-31.75,24.37,52.25,-11.94,-38.19,2.7409419022874877,0.07679245270188861,-2.5275763805839375,-84.92383251928072,-74.74579622029076,-35.03535067049245,-0.2919,-0.6751,-0.607,-0.301,0
1481660.0,1393.045969,1.0,0.79,11.14,-5.91,12.88,-31.75,24.37,52.25,-11.94,-38.19,2.7409419022874877,0.07679245270188861,-2.5275763805839375,-84.92383251928072,-74.74579622029076,-35.03535067049245,-0.2919,-0.6751,-0.607,-0.301,0
1481697.0,1393.052935,1.0,1.21,9.84,-7.19,13.56,-31.37,25.56,115.87,-3.0,-49.69,1.5596740175929822,-0.7149723392191953,-2.3194388794778664,-84.72206500892996,-77.12969565730245,-32.795047946580326,-0.2788,-0.6738,-0.6234,-0.2823,0
1481697.0,1393.052935,1.0,1.21,9.84,-7.19,13.56,-31.37,25.56,115.87,-3.0,-49.69,1.5596740175929822,-0.7149723392191953,-2.3194388794778664,-84.72206500892996,-77.12969565730245,-32.795047946580326,-0.2788,-0.6738,-0.6234,-0.2823,0
1481734.0,1393.10218,1.0,1.16,8.57,-7.89,13.56,-31.37,25.56,135.75,-12.75,-63.31,1.2223314715830722,-1.124361307699795,-1.7814610377543936,-84.67554928720209,-80.84215414965239,-28.446410631570995,-0.2559,-0.6735,-0.6484,-0.2457,0
1481734.0,1393.10218,1.0,1.16,8.57,-7.89,13.56,-31.37,25.56,135.75,-12.75,-63.31,1.2223314715830722,-1.124361307699795,-1.7814610377543936,-84.67554928720209,-80.84215414965239,-28.446410631570995,-0.2559,-0.6735,-0.6484,-0.2457,0
1481768.0,1393.123459,1.0,0.43,7.62,-7.89,15.06,-29.56,26.37,147.56,-35.19,-79.31,1.2858982561414731,-0.810326819189541,-1.0649292836622646,-84.41228425907684,-83.77959386115333,-24.44399042905254,-0.2408,-0.6718,-0.6677,-0.2117,0
1481768.0,1393.123459,1.0,0.43,7.62,-7.89,15.06,-29.56,26.37,147.56,-35.19,-79.31,1.2858982561414731,-0.810326819189541,-1.0649292836622646,-84.41228425907684,-83.77959386115333,-24.44399042905254,-0.2408,-0.6718,-0.6677,-0.2117,0
1481803.0,1393.178327,1.0,0.5,6.59,-7.97,17.25,-24.56,30.06,169.63,-68.69,-92.56,1.5253497635602886,-1.5371454696942939,-0.318047126522103,-83.67188694987544,-87.89516721143072,-17.949595138790563,-0.2219,-0.667,-0.694,-0.156,0
1481803.0,1393.178327,1.0,0.5,6.59,-7.97,17.25,-24.56,30.06,169.63,-68.69,-92.56,1.5253497635602886,-1.5371454696942939,-0.318047126522103,-83.67188694987544,-87.89516721143072,-17.949595138790563,-0.2219,-0.667,-0.694,-0.156,0
1481840.0,1393.186684,1.0,-2.77,3.25,-6.81,19.19,-19.5,30.75,182.75,-109.06,-93.25,0.0419564820986329,1.494189811748505,1.9087302447684458,-83.073454311338,-90.60008571252611,-11.766299745968878,-0.211,-0.6631,-0.7108,-0.1025,0
1481840.0,1393.186684,1.0,-2.77,3.25,-6.81,19.19,-19.5,30.75,182.75,-109.06,-93.25,0.0419564820986329,1.494189811748505,1.9087302447684458,-83.073454311338,-90.60008571252611,-11.766299745968878,-0.211,-0.6631,-0.7108,-0.1025,0
1481875.0,1393.227553,1.0,-3.27,1.64,-6.37,19.19,-19.5,30.75,172.25,-108.31,-81.75,-0.3814058383876128,1.533326712797591,2.6328895650352813,-82.20376433319544,-93.03756733183539,-3.415334078437867,-0.2008,-0.6574,-0.7256,-0.0298,0
1481875.0,1393.227553,1.0,-3.27,1.64,-6.37,19.19,-19.5,30.75,172.25,-108.31,-81.75,-0.3814058383876128,1.533326712797591,2.6328895650352813,-82.20376433319544,-93.03756733183539,-3.415334078437867,-0.2008,-0.6574,-0.7256,-0.0298,0
1481910.0,1393.290861,1.0,-3.38,-0.24,-6.56,22.56,-13.06,31.56,165.63,-82.75,-76.37,-1.627741572836614,1.4321571537714113,2.7486769723552538,-81.26427589274175,-94.51308235594237,2.2346770389286066,-0.1901,-0.6512,-0.7344,0.0195,0
1481910.0,1393.290861,1.0,-3.38,-0.24,-6.56,22.56,-13.06,31.56,165.63,-82.75,-76.37,-1.627741572836614,1.4321571537714113,2.7486769723552538,-81.26427589274175,-94.51308235594237,2.2346770389286066,-0.1901,-0.6512,-0.7344,0.0195,0
1481947.0,1393.308777,1.0,-3.27,-1.36,-6.1,26.75,-7.38,31.56,146.06,-60.06,-57.19,-1.9105167541559969,1.1928174675556724,3.1223690198808,-80.06170285521924,-95.78703781823206,8.958724002944487,-0.1722,-0.6432,-0.7419,0.0781,0
1481947.0,1393.308777,1.0,-3.27,-1.36,-6.1,26.75,-7.38,31.56,146.06,-60.06,-57.19,-1.9105167541559969,1.1928174675556724,3.1223690198808,-80.06170285521924,-95.78703781823206,8.958724002944487,-0.1722,-0.6432,-0.7419,0.0781,0
1481984.0,1393.369871,1.0,-2.09,-1.28,-6.43,26.75,-7.38,31.56,116.31,-16.06,-59.88,-1.579072961333907,-0.2105706507120061,3.1123547731786667,-79.16669200758267,-96.59342299000927,12.58451568698019,-0.1568,-0.6372,-0.7466,0.1096,0
1481984.0,1393.369871,1.0,-2.09,-1.28,-6.43,26.75,-7.38,31.56,116.31,-16.06,-59.88,-1.579072961333907,-0.2105706507120061,3.1123547731786667,-79.16669200758267,-96.59342299000927,12.58451568698019,-0.1568,-0.6372,-0.7466,0.1096,0
1482018.0,1393.373477,1.0,-1.52,-3.5,-8.13,28.25,-1.75,30.37,111.81,17.37,-53.06,-3.287327333462719,-0.999514796533052,1.508954586562579,-77.61414399553196,-98.26066774517868,16.0609738361326,-0.1259,-0.6267,-0.7562,0.1397,0
1482018.0,1393.373477,1.0,-1.52,-3.5,-8.13,28.25,-1.75,30.37,111.81,17.37,-53.06,-3.287327333462719,-0.999514796533052,1.508954586562579,-77.61414399553196,-98.26066774517868,16.0609738361326,-0.1259,-0.6267,-0.7562,0.1397,0
1482053.0,1393.415143,1.0,-1.63,-3.32,-8.4,27.06,2.38,30.5,79.69,15.25,-19.87,-2.5376287843814263,-1.0963471005241212,1.05463519266271,-77.52594029758298,-98.20814407664993,18.587944621042265,-0.1025,-0.6261,-0.7559,0.1615,0
1482053.0,1393.415143,1.0,-1.63,-3.32,-8.4,27.06,2.38,30.5,79.69,15.25,-19.87,-2.5376287843814263,-1.0963471005241212,1.05463519266271,-77.52594029758298,-98.20814407664993,18.587944621042265,-0.1025,-0.6261,-0.7559,0.1615,0
1482090.0,1393.486071,1.0,-3.07,-1.36,-6.42,27.37,5.38,29.87,-49.69,-29.5,-7.75,-0.47654766073536237,0.498013414240562,2.5944530416325886,-77.8790835134503,-97.47570497846188,19.23849904872923,-0.1099,-0.6285,-0.7517,0.1671,0
1482090.0,1393.486071,1.0,-3.07,-1.36,-6.42,27.37,5.38,29.87,-49.69,-29.5,-7.75,-0.47654766073536237,0.498013414240562,2.5944530416325886,-77.8790835134503,-97.47570497846188,19.23849904872923,-0.1099,-0.6285,-0.7517,0.1671,0
1482123.0,1393.489254,1.0,-2.51,-2.28,-9.67,27.37,5.38,29.87,46.38,31.06,-24.44,-1.083323003952639,-1.0035662589378511,-0.33369841773341236,-77.49655117938742,-98.0332655181114,19.59889535760717,-0.0966,-0.6259,-0.7549,0.1702,0
1482123.0,1393.489254,1.0,-2.51,-2.28,-9.67,27.37,5.38,29.87,46.38,31.06,-24.44,-1.083323003952639,-1.0035662589378511,-0.33369841773341236,-77.49655117938742,-98.0332655181114,19.59889535760717,-0.0966,-0.6259,-0.7549,0.1702,0
1482160.0,1393.528756,1.0,-3.59,-0.88,-8.83,28.19,6.19,29.37,9.63,40.13,-16.87,0.5773106244906726,0.2568766226084198,0.25509898230619754,-77.23232058732377,-98.64669547249989,19.250121718432275,-0.0857,-0.6241,-0.7584,0.1672,0
1482160.0,1393.528756,1.0,-3.59,-0.88,-8.83,28.19,6.19,29.37,9.63,40.13,-16.87,0.5773106244906726,0.2568766226084198,0.25509898230619754,-77.23232058732377,-98.64669547249989,19.250121718432275,-0.0857,-0.6241,-0.7584,0.1672,0
1482196.0,1393.586416,1.0,-2.8,-0.54,-8.4,26.69,8.06,30.19,68.87,51.63,-4.31,0.9976335246925057,-0.1461626842543861,0.9933098942205127,-77.39373685475255,-98.80505247705543,19.36635943259494,-0.0652,-0.6252,-0.7593,0.1682,0
1482196.0,1393.586416,1.0,-2.8,-0.54,-8.4,26.69,8.06,30.19,68.87,51.63,-4.31,0.9976335246925057,-0.1461626842543861,0.9933098942205127,-77.39373685475255,-98.80505247705543,19.36635943259494,-0.0652,-0.6252,-0.7593,0.1682,0
1482231.0,1393.6028,1.0,-2.34,-1.27,-8.53,26.69,8.06,30.19,29.94,18.94,-4.88,0.4366630388867949,-0.4548313735398223,0.8930730629834116,-77.68768880531772,-98.41840599370693,20.122400879873982,-0.0533,-0.6272,-0.7571,0.1747,0
1482231.0,1393.6028,1.0,-2.34,-1.27,-8.53,26.69,8.06,30.19,29.94,18.94,-4.88,0.4366630388867949,-0.4548313735398223,0.8930730629834116,-77.68768880531772,-98.41840599370693,20.122400879873982,-0.0533,-0.6272,-0.7571,0.1747,0
1482264.0,1393.605701,1.0,-3.01,-2.33,-8.99,25.56,9.19,29.37,61.94,26.06,-13.75,-0.024262024240577162,0.2814897730454322,0.048101190784018755,-77.43779108064527,-98.52370475107855,21.019168663575197,-0.0355,-0.6255,-0.7577,0.1824,0
1482264.0,1393.605701,1.0,-3.01,-2.33,-8.99,25.56,9.19,29.37,61.94,26.06,-13.75,-0.024262024240577162,0.2814897730454322,0.048101190784018755,-77.43779108064527,-98.52370475107855,21.019168663575197,-0.0355,-0.6255,-0.7577,0.1824,0
1482299.0,1393.657369,1.0,-2.3,-3.08,-8.69,25.19,9.25,30.19,55.19,-1.44,13.81,-0.722583541735644,-0.23512899177213753,0.33484513596056864,-77.83489260364539,-97.7889502665729,22.150726459273766,-0.027,-0.6282,-0.7535,0.1921,0
1482299.0,1393.657369,1.0,-2.3,-3.08,-8.69,25.19,9.25,30.19,55.19,-1.44,13.81,-0.722583541735644,-0.23512899177213753,0.33484513596056864,-77.83489260364539,-97.7889502665729,22.150726459273766,-0.027,-0.6282,-0.7535,0.1921,0
1482336.0,1393.70045,1.0,-1.82,-3.61,-8.85,23.69,10.75,29.75,40.5,-6.63,14.44,-1.0308255528033885,-0.8086898830793547,0.1655702185288046,-78.45482596144389,-96.59342299000927,23.705831329603118,-0.0193,-0.6324,-0.7466,0.2054,0
1482336.0,1393.70045,1.0,-1.82,-3.61,-8.85,23.69,10.75,29.75,40.5,-6.63,14.44,-1.0308255528033885,-0.8086898830793547,0.1655702185288046,-78.45482596144389,-96.59342299000927,23.705831329603118,-0.0193,-0.6324,-0.7466,0.2054,0
1482371.0,1393.719217,1.0,-1.89,-3.13,-8.46,23.69,10.75,29.75,3.69,-8.81,-3.0,-0.6013958865018583,-0.7208732618900628,0.6382660241844871,-78.60283244211628,-96.28384663999226,24.127512270969643,-0.0187,-0.6334,-0.7448,0.209,0
1482371.0,1393.719217,1.0,-1.89,-3.13,-8.46,23.69,10.75,29.75,3.69,-8.81,-3.0,-0.6013958865018583,-0.7208732618900628,0.6382660241844871,-78.60283244211628,-96.28384663999226,24.127512270969643,-0.0187,-0.6334,-0.7448,0.209,0
1482407.0,1393.773763,1.0,-2.68,-2.87,-8.14,23.69,12.25,29.37,7.38,-18.06,2.38,-0.2796654230799372,0.02208874760659363,0.7733671339339363,-78.29219886729086,-96.43851781128038,24.467440757791284,-0.0222,-0.6313,-0.7457,0.2119,0
1482407.0,1393.773763,1.0,-2.68,-2.87,-8.14,23.69,12.25,29.37,7.38,-18.06,2.38,-0.2796654230799372,0.02208874760659363,0.7733671339339363,-78.29219886729086,-96.43851781128038,24.467440757791284,-0.0222,-0.6313,-0.7457,0.2119,0
1482442.0,1393.818581,1.0,-2.29,-3.42,-8.45,24.75,12.0,29.0,1.81,-23.19,22.31,-0.8087582445899187,-0.5092810398075527,0.45627338061720657,-78.58802475750242,-95.88962981558166,25.018825462277388,-0.0257,-0.6333,-0.7425,0.2166,0
1482442.0,1393.818581,1.0,-2.29,-3.42,-8.45,24.75,12.0,29.0,1.81,-23.19,22.31,-0.8087582445899187,-0.5092810398075527,0.45627338061720657,-78.58802475750242,-95.88962981558166,25.018825462277388,-0.0257,-0.6333,-0.7425,0.2166,0
1482477.0,1393.838736,1.0,-1.37,-5.57,-8.3,24.75,12.0,29.0,0.94,-53.81,69.75,-3.186623940097491,-1.5092207109181328,0.35363562837581775,-79.85234457633115,-94.05820202109098,26.135141087685632,-0.041,-0.6418,-0.7317,0.2261,0
1482477.0,1393.838736,1.0,-1.37,-5.57,-8.3,24.75,12.0,29.0,0.94,-53.81,69.75,-3.186623940097491,-1.5092207109181328,0.35363562837581775,-79.85234457633115,-94.05820202109098,26.135141087685632,-0.041,-0.6418,-0.7317,0.2261,0
1482512.0,1393.876568,1.0,-5.59,-3.98,-2.68,25.87,12.25,29.75,-15.88,42.69,65.0,-2.557307633261251,4.260547719472871,4.3680094714342195,-82.75236627086223,-91.31918456864187,25.67656503656709,-0.0468,-0.661,-0.7152,0.2222,0
1482512.0,1393.876568,1.0,-5.59,-3.98,-2.68,25.87,12.25,29.75,-15.88,42.69,65.0,-2.557307633261251,4.260547719472871,4.3680094714342195,-82.75236627086223,-91.31918456864187,25.67656503656709,-0.0468,-0.661,-0.7152,0.2222,0
1482549.0,1393.932582,1.0,-3.42,-4.28,-7.57,27.0,10.06,27.0,-66.5,-8.63,157.31,-2.409693047372853,0.13310560974677577,0.7791718186861925,-86.42403683122414,-87.84742865430181,24.831054609816952,-0.0616,-0.6847,-0.6937,0.215,0
1482549.0,1393.932582,1.0,-3.42,-4.28,-7.57,27.0,10.06,27.0,-66.5,-8.63,157.31,-2.409693047372853,0.13310560974677577,0.7791718186861925,-86.42403683122414,-87.84742865430181,24.831054609816952,-0.0616,-0.6847,-0.6937,0.215,0
1482586.0,1393.939353,1.0,-3.65,-3.46,-8.25,27.75,6.69,28.06,-53.56,-17.25,197.25,-2.2742877885743003,-0.38995156113614193,0.4241048850160425,-92.93769566525509,-81.50608810294752,22.968668848856428,-0.0931,-0.725,-0.6528,0.1991,0
1482586.0,1393.939353,1.0,-3.65,-3.46,-8.25,27.75,6.69,28.06,-53.56,-17.25,197.25,-2.2742877885743003,-0.38995156113614193,0.4241048850160425,-92.93769566525509,-81.50608810294752,22.968668848856428,-0.0931,-0.725,-0.6528,0.1991,0
1482620.0,1393.959794,1.0,-4.56,-0.98,-7.05,27.75,6.69,28.06,-46.06,-25.5,214.81,-0.7742383905425496,0.9060167097737338,1.4378873294362773,-98.17314373529331,-75.9765203350375,21.730517688284202,-0.1205,-0.7557,-0.6155,0.1885,0
1482620.0,1393.959794,1.0,-4.56,-0.98,-7.05,27.75,6.69,28.06,-46.06,-25.5,214.81,-0.7742383905425496,0.9060167097737338,1.4378873294362773,-98.17314373529331,-75.9765203350375,21.730517688284202,-0.1205,-0.7557,-0.6155,0.1885,0
1482657.0,1393.997078,1.0,-5.57,-0.74,-6.83,28.5,1.5,28.06,-2.38,12.0,227.81,-1.5785646292210904,1.5812152945659421,1.249238481111659,-106.08848885002472,-67.779967419794,20.36684806544824,-0.1385,-0.7991,-0.5576,0.1768,0
1482657.0,1393.997078,1.0,-5.57,-0.74,-6.83,28.5,1.5,28.06,-2.38,12.0,227.81,-1.5785646292210904,1.5812152945659421,1.249238481111659,-106.08848885002472,-67.779967419794,20.36684806544824,-0.1385,-0.7991,-0.5576,0.1768,0
1482692.0,1394.059904,1.0,-4.49,-0.72,-7.69,28.87,-5.19,28.87,21.87,43.88,228.63,-1.5513122399429196,0.2127865722573219,1.0110401741340151,-112.71282300150172,-61.367629313530685,18.88991127772655,-0.1399,-0.8325,-0.5103,0.1641,0
1482692.0,1394.059904,1.0,-4.49,-0.72,-7.69,28.87,-5.19,28.87,21.87,43.88,228.63,-1.5513122399429196,0.2127865722573219,1.0110401741340151,-112.71282300150172,-61.367629313530685,18.88991127772655,-0.1399,-0.8325,-0.5103,0.1641,0
1482727.0,1394.077327,1.0,-3.11,0.08,-7.77,28.87,-5.19,28.87,-1.63,45.63,186.13,-0.765354616341087,-0.5922567992074214,1.4931150000713913,-120.2467396055226,-54.14273717736637,16.19985740781584,-0.1459,-0.8671,-0.4551,0.1409,0
1482727.0,1394.077327,1.0,-3.11,0.08,-7.77,28.87,-5.19,28.87,-1.63,45.63,186.13,-0.765354616341087,-0.5922567992074214,1.4931150000713913,-120.2467396055226,-54.14273717736637,16.19985740781584,-0.1459,-0.8671,-0.4551,0.1409,0
1482762.0,1394.117762,1.0,-1.7,0.17,-8.94,27.0,-9.69,28.56,-24.94,57.5,160.56,-0.261240035126855,-1.9474108383877697,0.9194769584430436,-126.35279306325961,-48.40966960291665,12.965030073382623,-0.1511,-0.8924,-0.41,0.1129,0
1482762.0,1394.117762,1.0,-1.7,0.17,-8.94,27.0,-9.69,28.56,-24.94,57.5,160.56,-0.261240035126855,-1.9474108383877697,0.9194769584430436,-126.35279306325961,-48.40966960291665,12.965030073382623,-0.1511,-0.8924,-0.41,0.1129,0
1482799.0,1394.181898,1.0,-0.93,1.52,-9.19,24.06,-13.75,28.87,-45.31,68.87,128.31,0.8044533216077892,-1.6290887051692302,0.6234955940213958,-129.91660961400953,-45.00205494125383,10.074110549810433,-0.1579,-0.906,-0.3827,0.0878,0
1482799.0,1394.181898,1.0,-0.93,1.52,-9.19,24.06,-13.75,28.87,-45.31,68.87,128.31,0.8044533216077892,-1.6290887051692302,0.6234955940213958,-129.91660961400953,-45.00205494125383,10.074110549810433,-0.1579,-0.906,-0.3827,0.0878,0
1482835.0,1394.200236,1.0,-0.68,2.53,-9.5,24.06,-13.75,28.87,-39.81,71.87,117.12,1.0283848802735867,-1.0427210779936582,0.06147389633043154,-133.93995871664828,-41.04803635831072,6.259812004164342,-0.1645,-0.9203,-0.3506,0.0546,0
1482835.0,1394.200236,1.0,-0.68,2.53,-9.5,24.06,-13.75,28.87,-39.81,71.87,117.12,1.0283848802735867,-1.0427210779936582,0.06147389633043154,-133.93995871664828,-41.04803635831072,6.259812004164342,-0.1645,-0.9203,-0.3506,0.0546,0
1482870.0,1394.245709,1.0,0.16,3.11,-10.53,20.25,-17.19,31.37,-17.25,58.06,102.06,1.556625831458051,-1.3087686458461871,-0.9842091248559743,-136.58990657854866,-38.36764641216122,3.793673550039814,-0.1661,-0.9291,-0.3286,0.0331,0
1482870.0,1394.245709,1.0,0.16,3.11,-10.53,20.25,-17.19,31.37,-17.25,58.06,102.06,1.556625831458051,-1.3087686458461871,-0.9842091248559743,-136.58990657854866,-38.36764641216122,3.793673550039814,-0.1661,-0.9291,-0.3286,0.0331,0
1482907.0,1394.263178,1.0,-0.3,3.51,-9.89,17.19,-20.87,31.37,-31.56,42.13,76.69,0.9505352938118883,-0.3856157439205852,-0.6417940541766072,-139.2059212883253,-35.42008094609324,1.2490727279396536,-0.1698,-0.9373,-0.3042,0.0109,0
1482907.0,1394.263178,1.0,-0.3,3.51,-9.89,17.19,-20.87,31.37,-31.56,42.13,76.69,0.9505352938118883,-0.3856157439205852,-0.6417940541766072,-139.2059212883253,-35.42008094609324,1.2490727279396536,-0.1698,-0.9373,-0.3042,0.0109,0
1482942.0,1394.305828,1.0,0.24,4.94,-9.39,14.19,-22.25,31.37,-22.12,41.63,75.25,1.8525553199155986,0.6434750929006592,-0.6234640258133801,-140.67807487589178,-33.51241368583526,-0.5271230305187238,-0.1737,-0.9417,-0.2883,-0.0046,0
1482942.0,1394.305828,1.0,0.24,4.94,-9.39,14.19,-22.25,31.37,-22.12,41.63,75.25,1.8525553199155986,0.6434750929006592,-0.6234640258133801,-140.67807487589178,-33.51241368583526,-0.5271230305187238,-0.1737,-0.9417,-0.2883,-0.0046,0
1482977.0,1394.371721,1.0,0.73,4.95,-9.67,14.19,-22.25,31.37,11.94,40.25,53.19,1.859678184263347,0.5922915818578725,-0.9047965751846636,-142.84730495776557,-31.292831778140112,-2.383676327772471,-0.1684,-0.9479,-0.2697,-0.0208,0
1482977.0,1394.371721,1.0,0.73,4.95,-9.67,14.19,-22.25,31.37,11.94,40.25,53.19,1.859678184263347,0.5922915818578725,-0.9047965751846636,-142.84730495776557,-31.292831778140112,-2.383676327772471,-0.1684,-0.9479,-0.2697,-0.0208,0
1483012.0,1394.38868,1.0,0.4,4.35,-9.23,10.5,-23.75,31.75,5.06,47.31,25.12,1.035099768940559,0.658177097306653,-0.33094199104600897,-143.86802831777294,-30.38941055279805,-4.194987989089829,-0.1618,-0.9507,-0.2621,-0.0366,0
1483012.0,1394.38868,1.0,0.4,4.35,-9.23,10.5,-23.75,31.75,5.06,47.31,25.12,1.035099768940559,0.658177097306653,-0.33094199104600897,-143.86802831777294,-30.38941055279805,-4.194987989089829,-0.1618,-0.9507,-0.2621,-0.0366,0
1483048.0,1394.428298,1.0,0.65,4.06,-8.82,9.38,-23.75,33.0,20.37,43.19,30.37,0.9866791023037949,0.5962679721005748,0.14386422908879481,-144.46400874868328,-29.926566557645558,-5.468092286497271,-0.1556,-0.9523,-0.2582,-0.0477,0
1483048.0,1394.428298,1.0,0.65,4.06,-8.82,9.38,-23.75,33.0,20.37,43.19,30.37,0.9866791023037949,0.5962679721005748,0.14386422908879481,-144.46400874868328,-29.926566557645558,-5.468092286497271,-0.1556,-0.9523,-0.2582,-0.0477,0
1483083.0,1394.435084,1.0,0.49,3.31,-9.1,9.38,-23.75,33.0,34.25,51.94,24.19,0.2811139429738884,0.2511879195061708,0.11830238133148718,-145.33809060162469,-29.393135398012305,-6.730393436549607,-0.145,-0.9546,-0.2537,-0.0587,0
1483083.0,1394.435084,1.0,0.49,3.31,-9.1,9.38,-23.75,33.0,34.25,51.94,24.19,0.2811139429738884,0.2511879195061708,0.11830238133148718,-145.33809060162469,-29.393135398012305,-6.730393436549607,-0.145,-0.9546,-0.2537,-0.0587,0
1483118.0,1394.49721,1.0,0.86,3.25,-9.62,7.19,-23.0,33.0,13.13,65.94,6.56,0.17772876770759882,0.22806127950086563,-0.37975763654791095,-145.49229376528544,-29.428677083635286,-8.889760035755181,-0.1324,-0.955,-0.254,-0.0775,0
1483118.0,1394.49721,1.0,0.86,3.25,-9.62,7.19,-23.0,33.0,13.13,65.94,6.56,0.17772876770759882,0.22806127950086563,-0.37975763654791095,-145.49229376528544,-29.428677083635286,-8.889760035755181,-0.1324,-0.955,-0.254,-0.0775,0
1483153.0,1394.510052,1.0,1.32,3.28,-9.6,5.69,-23.0,34.56,27.37,50.5,10.94,0.3548193661611198,0.3539479733504176,-0.41145276174389167,-145.53094905314887,-29.49976914452507,-10.695455461898506,-0.1195,-0.9551,-0.2546,-0.0932,0
1483153.0,1394.510052,1.0,1.32,3.28,-9.6,5.69,-23.0,34.56,27.37,50.5,10.94,0.3548193661611198,0.3539479733504176,-0.41145276174389167,-145.53094905314887,-29.49976914452507,-10.695455461898506,-0.1195,-0.9551,-0.2546,-0.0932,0
1483190.0,1394.565591,1.0,2.84,3.12,-10.79,3.75,-22.87,34.5,52.69,45.81,0.94,1.1836522958206797,-0.41406442755887385,-1.7107984106693,-145.68599243347148,-29.66569584162053,-11.708702081111404,-0.1052,-0.9555,-0.256,-0.102,0
1483190.0,1394.565591,1.0,2.84,3.12,-10.79,3.75,-22.87,34.5,52.69,45.81,0.94,1.1836522958206797,-0.41406442755887385,-1.7107984106693,-145.68599243347148,-29.66569584162053,-11.708702081111404,-0.1052,-0.9555,-0.256,-0.102,0
1483223.0,1394.584343,1.0,3.69,3.98,-11.59,3.75,-22.87,34.5,71.06,-10.88,-14.81,2.419931015972809,0.2130141147486504,-2.758506539607877,-146.1552551844325,-30.38941055279805,-10.994732910342313,-0.0829,-0.9567,-0.2621,-0.0958,0
1483223.0,1394.584343,1.0,3.69,3.98,-11.59,3.75,-22.87,34.5,71.06,-10.88,-14.81,2.419931015972809,0.2130141147486504,-2.758506539607877,-146.1552551844325,-30.38941055279805,-10.994732910342313,-0.0829,-0.9567,-0.2621,-0.0958,0
1483259.0,1394.643401,1.0,2.01,0.65,-9.62,3.0,-21.37,35.69,162.44,-24.5,-20.81,0.32918452959903843,-1.033558956314935,0.017350054176814567,-146.67085725236174,-31.48327814398648,-8.901253805563371,-0.0504,-0.958,-0.2713,-0.0776,0
1483259.0,1394.643401,1.0,2.01,0.65,-9.62,3.0,-21.37,35.69,162.44,-24.5,-20.81,0.32918452959903843,-1.033558956314935,0.017350054176814567,-146.67085725236174,-31.48327814398648,-8.901253805563371,-0.0504,-0.958,-0.2713,-0.0776,0
1483296.0,1394.684893,1.0,2.34,-0.96,-10.91,3.0,-18.06,36.56,52.94,-9.69,-20.69,-0.031620255863411106,-2.0599512146241725,-1.2015697085990045,-146.35265556905202,-32.68755772174567,-7.430739554030821,-0.0184,-0.9572,-0.2814,-0.0648,0
1483296.0,1394.684893,1.0,2.34,-0.96,-10.91,3.0,-18.06,36.56,52.94,-9.69,-20.69,-0.031620255863411106,-2.0599512146241725,-1.2015697085990045,-146.35265556905202,-32.68755772174567,-7.430739554030821,-0.0184,-0.9572,-0.2814,-0.0648,0
1483331.0,1394.701244,1.0,1.26,-0.38,-9.52,3.0,-18.06,36.56,36.63,-6.5,-23.75,-0.3098125446273381,-0.8738321101764701,0.24093865005764137,-145.76376947074462,-33.4525819599508,-6.8451863308548155,-0.0104,-0.9557,-0.2878,-0.0597,0
1483331.0,1394.701244,1.0,1.26,-0.38,-9.52,3.0,-18.06,36.56,36.63,-6.5,-23.75,-0.3098125446273381,-0.8738321101764701,0.24093865005764137,-145.76376947074462,-33.4525819599508,-6.8451863308548155,-0.0104,-0.9557,-0.2878,-0.0597,0
1483366.0,1394.743375,1.0,1.27,-0.7,-9.58,3.75,-14.38,38.69,36.25,-1.69,-7.19,-0.35596122736773433,-0.9626537566810638,0.17203068477230055,-145.29964361056955,-34.09926566702287,-6.351624225020216,0.0009,-0.9545,-0.2932,-0.0554,0
1483366.0,1394.743375,1.0,1.27,-0.7,-9.58,3.75,-14.38,38.69,36.25,-1.69,-7.19,-0.35596122736773433,-0.9626537566810638,0.17203068477230055,-145.29964361056955,-34.09926566702287,-6.351624225020216,0.0009,-0.9545,-0.2932,-0.0554,0
1483401.0,1394.760375,1.0,1.26,-0.78,-9.27,3.75,-15.06,39.75,16.06,5.44,-5.06,-0.32143809544064833,-0.9271315985158659,0.4703764098660326,-145.1845495539276,-34.231134126347314,-6.2024314124588535,0.0073,-0.9542,-0.2943,-0.0541,0
1483401.0,1394.760375,1.0,1.26,-0.78,-9.27,3.75,-15.06,39.75,16.06,5.44,-5.06,-0.32143809544064833,-0.9271315985158659,0.4703764098660326,-145.1845495539276,-34.231134126347314,-6.2024314124588535,0.0073,-0.9542,-0.2943,-0.0541,0
1483438.0,1394.796904,1.0,1.25,-0.14,-9.33,4.19,-13.19,39.0,7.75,14.5,-6.56,-0.015233482438360452,-0.29983337879267097,0.39703428595649015,-144.80353687392875,-34.48301299993159,-6.581172764918963,0.0114,-0.9532,-0.2964,-0.0574,0
1483438.0,1394.796904,1.0,1.25,-0.14,-9.33,4.19,-13.19,39.0,7.75,14.5,-6.56,-0.015233482438360452,-0.29983337879267097,0.39703428595649015,-144.80353687392875,-34.48301299993159,-6.581172764918963,0.0114,-0.9532,-0.2964,-0.0574,0
1483470.0,1394.819611,1.0,1.18,0.08,-9.48,4.19,-13.19,39.0,7.31,24.94,-12.94,-0.038338532327992586,0.012971057821386689,0.2532442246443889,-144.35152835071236,-34.831128724414064,-7.155161830094744,0.0146,-0.952,-0.2993,-0.0624,0
1483470.0,1394.819611,1.0,1.18,0.08,-9.48,4.19,-13.19,39.0,7.31,24.94,-12.94,-0.038338532327992586,0.012971057821386689,0.2532442246443889,-144.35152835071236,-34.831128724414064,-7.155161830094744,0.0146,-0.952,-0.2993,-0.0624,0
1483507.0,1394.88315,1.0,1.74,-0.02,-9.86,4.19,-13.19,39.0,8.44,22.56,-4.19,0.19238890933140007,-0.23912233080731105,-0.20101741146384988,-143.79419791151395,-35.16755548021839,-8.039461810968866,0.0189,-0.9505,-0.3021,-0.0701,0
1483507.0,1394.88315,1.0,1.74,-0.02,-9.86,4.19,-13.19,39.0,8.44,22.56,-4.19,0.19238890933140007,-0.23912233080731105,-0.20101741146384988,-143.79419791151395,-35.16755548021839,-8.039461810968866,0.0189,-0.9505,-0.3021,-0.0701,0
1483542.0,1394.886703,1.0,1.73,-0.06,-9.83,3.38,-12.5,39.69,1.94,15.88,-4.13,0.09756161822139188,-0.20692919417160116,-0.17198026869166938,-143.57357451370328,-35.263734790800676,-8.510515201802361,0.0209,-0.9499,-0.3029,-0.0742,0
1483542.0,1394.886703,1.0,1.73,-0.06,-9.83,3.38,-12.5,39.69,1.94,15.88,-4.13,0.09756161822139188,-0.20692919417160116,-0.17198026869166938,-143.57357451370328,-35.263734790800676,-8.510515201802361,0.0209,-0.9499,-0.3029,-0.0742,0
1483577.0,1394.927907,1.0,1.88,-0.75,-10.2,3.38,-12.5,39.69,5.75,8.88,-1.0,-0.25724507622596926,-0.7277732999746993,-0.5635511067578332,-143.35423456188457,-35.383995029265094,-8.809306149715164,0.025,-0.9493,-0.3039,-0.0768,0
1483577.0,1394.927907,1.0,1.88,-0.75,-10.2,3.38,-12.5,39.69,5.75,8.88,-1.0,-0.25724507622596926,-0.7277732999746993,-0.5635511067578332,-143.35423456188457,-35.383995029265094,-8.809306149715164,0.025,-0.9493,-0.3039,-0.0768,0
1483612.0,1394.990254,1.0,2.1,-0.24,-10.39,3.0,-12.5,39.69,-8.94,8.38,-1.56,0.13603303310648934,-0.41700149123717417,-0.787088941951037,-143.24503868567004,-35.408051904136364,-9.09666171745326,0.0244,-0.949,-0.3041,-0.0793,0
1483612.0,1394.990254,1.0,2.1,-0.24,-10.39,3.0,-12.5,39.69,-8.94,8.38,-1.56,0.13603303310648934,-0.41700149123717417,-0.787088941951037,-143.24503868567004,-35.408051904136364,-9.09666171745326,0.0244,-0.949,-0.3041,-0.0793,0
1483649.0,1395.016427,1.0,2.08,-0.16,-10.25,2.69,-12.06,40.5,-1.94,-3.5,1.94,0.1627968382038005,-0.37016459736679663,-0.6456691378912236,-143.24503868567004,-35.39602326525133,-9.188627520029689,0.0233,-0.949,-0.304,-0.0801,0
1483649.0,1395.016427,1.0,2.08,-0.16,-10.25,2.69,-12.06,40.5,-1.94,-3.5,1.94,0.1627968382038005,-0.37016459736679663,-0.6456691378912236,-143.24503868567004,-35.39602326525133,-9.188627520029689,0.0233,-0.949,-0.304,-0.0801,0
1483683.0,1395.020252,1.0,1.94,-0.05,-9.89,2.69,-12.06,40.5,0.12,-3.06,-0.69,0.17883099239972156,-0.24719873375788787,-0.2673319466875075,-143.2814024718206,-35.408051904136364,-9.085166406176855,0.0229,-0.9491,-0.3041,-0.0792,0
1483683.0,1395.020252,1.0,1.94,-0.05,-9.89,2.69,-12.06,40.5,0.12,-3.06,-0.69,0.17883099239972156,-0.24719873375788787,-0.2673319466875075,-143.2814024718206,-35.408051904136364,-9.085166406176855,0.0229,-0.9491,-0.3041,-0.0792,0
1483716.0,1395.062129,1.0,1.79,-0.29,-9.75,2.25,-13.19,40.5,-1.25,-0.31,-1.37,-0.04693078781985663,-0.3743191737051209,-0.10336426120827369,-143.2814024718206,-35.42008094609324,-8.993207204284674,0.0229,-0.9491,-0.3042,-0.0784,0
1483716.0,1395.062129,1.0,1.79,-0.29,-9.75,2.25,-13.19,40.5,-1.25,-0.31,-1.37,-0.04693078781985663,-0.3743191737051209,-0.10336426120827369,-143.2814024718206,-35.42008094609324,-8.993207204284674,0.0229,-0.9491,-0.3042,-0.0784,0
1483751.0,1395.123525,1.0,1.66,-0.17,-9.55,2.69,-12.88,40.5,-7.94,6.44,-0.12,-0.08642735481449436,-0.23053523396907064,0.11508749345655467,-143.24503868567004,-35.43211039129503,-9.154139652218912,0.0219,-0.949,-0.3043,-0.0798,0
1483751.0,1395.123525,1.0,1.66,-0.17,-9.55,2.69,-12.88,40.5,-7.94,6.44,-0.12,-0.08642735481449436,-0.23053523396907064,0.11508749345655467,-143.24503868567004,-35.43211039129503,-9.154139652218912,0.0219,-0.949,-0.3043,-0.0798,0
1483788.0,1395.142194,1.0,1.78,0.28,-9.69,3.0,-13.19,39.56,-9.38,-1.88,-1.19,0.18348845215554194,0.021078393962210645,-0.04772911231517085,-143.20870960086748,-35.43211039129503,-9.430066128049688,0.018,-0.9489,-0.3043,-0.0822,0
1483788.0,1395.142194,1.0,1.78,0.28,-9.69,3.0,-13.19,39.56,-9.38,-1.88,-1.19,0.18348845215554194,0.021078393962210645,-0.04772911231517085,-143.20870960086748,-35.43211039129503,-9.430066128049688,0.018,-0.9489,-0.3043,-0.0822,0
1483823.0,1395.188459,1.0,1.61,0.19,-9.59,3.0,-13.19,39.56,0.75,-5.25,-0.06,0.021041453413947205,0.008949938133150342,0.0806139546295288,-143.24503868567004,-35.43211039129503,-9.315090195791667,0.0168,-0.949,-0.3043,-0.0812,0
1483823.0,1395.188459,1.0,1.61,0.19,-9.59,3.0,-13.19,39.56,0.75,-5.25,-0.06,0.021041453413947205,0.008949938133150342,0.0806139546295288,-143.24503868567004,-35.43211039129503,-9.315090195791667,0.0168,-0.949,-0.3043,-0.0812,0
1483857.0,1395.210956,1.0,1.54,0.21,-9.56,2.25,-12.88,39.19,-2.44,-0.94,-2.75,-0.0034786048865805275,0.054991247894465106,0.12128661693774845,-143.20870960086748,-35.504295540348124,-9.21161989509871,0.0167,-0.9489,-0.3049,-0.0803,0
1483857.0,1395.210956,1.0,1.54,0.21,-9.56,2.25,-12.88,39.19,-2.44,-0.94,-2.75,-0.0034786048865805275,0.054991247894465106,0.12128661693774845,-143.20870960086748,-35.504295540348124,-9.21161989509871,0.0167,-0.9489,-0.3049,-0.0803,0
1483892.0,1395.275274,1.0,1.89,-0.08,-9.8,3.38,-12.88,40.5,7.38,3.31,-0.31,0.07810368800351572,-0.3386722907744706,-0.168203427162819,-142.99145809873446,-35.69686055762551,-9.22311622194562,0.0181,-0.9483,-0.3065,-0.0804,0
1483892.0,1395.275274,1.0,1.89,-0.08,-9.8,3.38,-12.88,40.5,7.38,3.31,-0.31,0.07810368800351572,-0.3386722907744706,-0.168203427162819,-142.99145809873446,-35.69686055762551,-9.22311622194562,0.0181,-0.9483,-0.3065,-0.0804,0
1483927.0,1395.278843,1.0,1.93,-0.12,-9.85,3.38,-12.88,40.5,1.94,-1.56,-1.31,0.09220383945734065,-0.3759393113284704,-0.22390173388718715,-142.95536907296346,-35.73297808318577,-9.17713147157167,0.019,-0.9482,-0.3068,-0.08,0
1483927.0,1395.278843,1.0,1.93,-0.12,-9.85,3.38,-12.88,40.5,1.94,-1.56,-1.31,0.09220383945734065,-0.3759393113284704,-0.22390173388718715,-142.95536907296346,-35.73297808318577,-9.17713147157167,0.019,-0.9482,-0.3068,-0.08,0
1483962.0,1395.321283,1.0,1.9,-0.12,-9.8,2.0,-12.5,40.38,0.56,-4.38,0.37,0.08975745873089394,-0.3696224388372479,-0.16930723984972929,-142.95536907296346,-35.73297808318577,-9.085166406176855,0.0189,-0.9482,-0.3068,-0.0792,0
1483962.0,1395.321283,1.0,1.9,-0.12,-9.8,2.0,-12.5,40.38,0.56,-4.38,0.37,0.08975745873089394,-0.3696224388372479,-0.16930723984972929,-142.95536907296346,-35.73297808318577,-9.085166406176855,0.0189,-0.9482,-0.3068,-0.0792,0
1483997.0,1395.378759,1.0,1.9,0.03,-9.63,2.38,-13.56,38.75,-4.06,-2.44,-1.37,0.19807906150438068,-0.2729429868835418,-0.0032463710787808964,-143.02758111671,-35.69686055762551,-9.085166406176855,0.0183,-0.9484,-0.3065,-0.0792,0
1483997.0,1395.378759,1.0,1.9,0.03,-9.63,2.38,-13.56,38.75,-4.06,-2.44,-1.37,0.19807906150438068,-0.2729429868835418,-0.0032463710787808964,-143.02758111671,-35.69686055762551,-9.085166406176855,0.0183,-0.9484,-0.3065,-0.0792,0
1484032.0,1395.386831,1.0,1.93,0.34,-9.67,2.38,-13.56,38.75,-7.25,-0.06,-2.25,0.37826783559567456,-0.05668965194225034,-0.05251323670099595,-142.99145809873446,-35.73297808318577,-9.154139652218912,0.017,-0.9483,-0.3068,-0.0798,0
1484032.0,1395.386831,1.0,1.93,0.34,-9.67,2.38,-13.56,38.75,-7.25,-0.06,-2.25,0.37826783559567456,-0.05668965194225034,-0.05251323670099595,-142.99145809873446,-35.73297808318577,-9.154139652218912,0.017,-0.9483,-0.3068,-0.0798,0
1484064.0,1395.444644,1.0,1.98,0.05,-9.94,2.69,-12.88,38.38,4.13,-2.69,-2.63,0.20458870140284766,-0.2949839703359982,-0.32239871745136384,-142.84730495776557,-35.841352697842,-9.188627520029689,0.0172,-0.9479,-0.3077,-0.0801,0
1484064.0,1395.444644,1.0,1.98,0.05,-9.94,2.69,-12.88,38.38,4.13,-2.69,-2.63,0.20458870140284766,-0.2949839703359982,-0.32239871745136384,-142.84730495776557,-35.841352697842,-9.188627520029689,0.0172,-0.9479,-0.3077,-0.0801,0
1484101.0,1395.463014,1.0,1.72,0.17,-9.62,2.69,-13.19,39.69,0.63,-2.56,-3.5,0.12883788010020197,-0.07985160783007456,0.03379348200188126,-142.81135091208287,-35.93771351932959,-9.085166406176855,0.0172,-0.9478,-0.3085,-0.0792,0
1484101.0,1395.463014,1.0,1.72,0.17,-9.62,2.69,-13.19,39.69,0.63,-2.56,-3.5,0.12883788010020197,-0.07985160783007456,0.03379348200188126,-142.81135091208287,-35.93771351932959,-9.085166406176855,0.0172,-0.9478,-0.3085,-0.0792,0
1484138.0,1395.502469,1.0,1.82,0.03,-9.69,3.0,-13.19,38.88,8.38,-0.06,-2.81,0.13814185411824192,-0.2141899294203098,-0.049537878803636914,-142.6678687639012,-36.094355959132386,-9.016196458354324,0.0192,-0.9474,-0.3098,-0.0786,0
1484138.0,1395.502469,1.0,1.82,0.03,-9.69,3.0,-13.19,38.88,8.38,-0.06,-2.81,0.13814185411824192,-0.2141899294203098,-0.049537878803636914,-142.6678687639012,-36.094355959132386,-9.016196458354324,0.0192,-0.9474,-0.3098,-0.0786,0
1484171.0,1395.572872,1.0,1.81,-0.25,-9.83,3.0,-13.19,38.88,6.75,-0.25,-0.63,-0.02861608577233357,-0.38746818985314313,-0.18417326545150026,-142.63208125401738,-36.1305141127441,-8.935735653853005,0.0213,-0.9473,-0.3101,-0.0779,0
1484171.0,1395.572872,1.0,1.81,-0.25,-9.83,3.0,-13.19,38.88,6.75,-0.25,-0.63,-0.02861608577233357,-0.38746818985314313,-0.18417326545150026,-142.63208125401738,-36.1305141127441,-8.935735653853005,0.0213,-0.9473,-0.3101,-0.0779,0
1484208.0,1395.582615,1.0,1.9,-0.3,-9.79,2.69,-12.88,39.69,0.69,-3.19,-1.81,0.03879645221241734,-0.4645994339019814,-0.1596302590190959,-142.56060519917665,-36.20284159032565,-8.855279263547427,0.0226,-0.9471,-0.3107,-0.0772,0
1484208.0,1395.582615,1.0,1.9,-0.3,-9.79,2.69,-12.88,39.69,0.69,-3.19,-1.81,0.03879645221241734,-0.4645994339019814,-0.1596302590190959,-142.56060519917665,-36.20284159032565,-8.855279263547427,0.0226,-0.9471,-0.3107,-0.0772,0
1484242.0,1395.585992,1.0,1.68,-0.09,-9.62,2.69,-12.88,40.38,-1.19,-2.25,-2.0,0.017720385845056724,-0.1910824974299193,0.042528254184791336,-142.5249164652642,-36.23901092380315,-8.797813093528106,0.0223,-0.947,-0.311,-0.0767,0
1484242.0,1395.585992,1.0,1.68,-0.09,-9.62,2.69,-12.88,40.38,-1.19,-2.25,-2.0,0.017720385845056724,-0.1910824974299193,0.042528254184791336,-142.5249164652642,-36.23901092380315,-8.797813093528106,0.0223,-0.947,-0.311,-0.0767,0
1484275.0,1395.625521,1.0,2.12,-0.02,-10.08,2.69,-12.88,40.38,2.19,1.37,-2.19,0.3459128285540474,-0.33699730471163825,-0.48256654605727434,-142.45363711540872,-36.32342057290312,-8.832292528579133,0.023,-0.9468,-0.3117,-0.077,0
1484275.0,1395.625521,1.0,2.12,-0.02,-10.08,2.69,-12.88,40.38,2.19,1.37,-2.19,0.3459128285540474,-0.33699730471163825,-0.48256654605727434,-142.45363711540872,-36.32342057290312,-8.832292528579133,0.023,-0.9468,-0.3117,-0.077,0
1484312.0,1395.68134,1.0,2.01,0.19,-9.94,2.38,-12.88,39.19,1.44,-3.44,-2.0,0.41773014672933045,-0.11923019026021359,-0.3270110208869763,-142.45363711540872,-36.31136080393029,-8.740349140335569,0.0231,-0.9468,-0.3116,-0.0762,0
1484312.0,1395.68134,1.0,2.01,0.19,-9.94,2.38,-12.88,39.19,1.44,-3.44,-2.0,0.41773014672933045,-0.11923019026021359,-0.3270110208869763,-142.45363711540872,-36.31136080393029,-8.740349140335569,0.0231,-0.9468,-0.3116,-0.0762,0
1484347.0,1395.696574,1.0,1.84,0.13,-9.79,3.0,-12.5,39.19,3.19,-3.38,-5.94,0.27592077664503534,-0.0826553568908504,-0.15144398514559398,-142.27600676906908,-36.54056778374004,-8.68288738926451,0.0234,-0.9463,-0.3135,-0.0757,0
1484347.0,1395.696574,1.0,1.84,0.13,-9.79,3.0,-12.5,39.19,3.19,-3.38,-5.94,0.27592077664503534,-0.0826553568908504,-0.15144398514559398,-142.27600676906908,-36.54056778374004,-8.68288738926451,0.0234,-0.9463,-0.3135,-0.0757,0
1484382.0,1395.745644,1.0,1.32,-0.11,-9.46,3.0,-12.5,39.19,7.81,-6.81,-7.44,-0.19869185383455418,0.004505264313422075,0.25643527729280535,-142.06390845011202,-36.769926221818416,-8.464552559408572,0.0243,-0.9457,-0.3154,-0.0738,0
1484382.0,1395.745644,1.0,1.32,-0.11,-9.46,3.0,-12.5,39.19,7.81,-6.81,-7.44,-0.19869185383455418,0.004505264313422075,0.25643527729280535,-142.06390845011202,-36.769926221818416,-8.464552559408572,0.0243,-0.9457,-0.3154,-0.0738,0
1484414.0,1395.800343,1.0,1.35,-0.68,-9.6,2.69,-12.5,40.38,15.75,-0.06,-5.44,-0.479000952322415,-0.39284514587086033,0.10813821833783166,-141.81789497427926,-37.04777503969204,-8.246248510013665,0.0284,-0.945,-0.3177,-0.0719,0
1484414.0,1395.800343,1.0,1.35,-0.68,-9.6,2.69,-12.5,40.38,15.75,-0.06,-5.44,-0.479000952322415,-0.39284514587086033,0.10813821833783166,-141.81789497427926,-37.04777503969204,-8.246248510013665,0.0284,-0.945,-0.3177,-0.0719,0
1484451.0,1395.819165,1.0,1.34,-0.65,-9.53,3.0,-12.5,39.56,3.63,5.13,-6.19,-0.45811253296968013,-0.32519305270846266,0.17735187471557268,-141.64310130769366,-37.217010874688526,-8.303694005010767,0.0307,-0.9445,-0.3191,-0.0724,0
1484451.0,1395.819165,1.0,1.34,-0.65,-9.53,3.0,-12.5,39.56,3.63,5.13,-6.19,-0.45811253296968013,-0.32519305270846266,0.17735187471557268,-141.64310130769366,-37.217010874688526,-8.303694005010767,0.0307,-0.9445,-0.3191,-0.0724,0
1484488.0,1395.876044,1.0,1.38,-0.55,-9.53,3.0,-11.69,40.06,-4.31,7.5,-6.44,-0.39832122239622575,-0.24831112096616487,0.1729860142159101,-141.3650146581067,-37.446822845384496,-8.510515201802361,0.0313,-0.9437,-0.321,-0.0742,0
1484488.0,1395.876044,1.0,1.38,-0.55,-9.53,3.0,-11.69,40.06,-4.31,7.5,-6.44,-0.39832122239622575,-0.24831112096616487,0.1729860142159101,-141.3650146581067,-37.446822845384496,-8.510515201802361,0.0313,-0.9437,-0.321,-0.0742,0
1484521.0,1395.88692,1.0,1.47,-0.24,-9.38,3.0,-11.69,40.06,-7.38,6.0,-3.56,-0.15110706623531878,-0.07160165692015674,0.3106013555763578,-141.226690896529,-37.54363247388456,-8.68288738926451,0.0309,-0.9433,-0.3218,-0.0757,0
1484521.0,1395.88692,1.0,1.47,-0.24,-9.38,3.0,-11.69,40.06,-7.38,6.0,-3.56,-0.15110706623531878,-0.07160165692015674,0.3106013555763578,-141.226690896529,-37.54363247388456,-8.68288738926451,0.0309,-0.9433,-0.3218,-0.0757,0
1484558.0,1395.92923,1.0,1.68,-0.06,-9.67,3.38,-11.69,39.69,-2.25,7.31,-3.06,0.026343333015538956,-0.013334249717039948,-0.008339975878229211,-141.05445058328866,-37.62836370499113,-9.039186076064471,0.0305,-0.9428,-0.3225,-0.0788,0
1484558.0,1395.92923,1.0,1.68,-0.06,-9.67,3.38,-11.69,39.69,-2.25,7.31,-3.06,0.026343333015538956,-0.013334249717039948,-0.008339975878229211,-141.05445058328866,-37.62836370499113,-9.039186076064471,0.0305,-0.9428,-0.3225,-0.0788,0
1484593.0,1395.992849,1.0,1.68,-0.03,-9.66,2.69,-12.06,39.69,-5.75,2.25,-3.75,0.030367912262847088,0.007371852680204349,0.001655178701374993,-140.95145697943067,-37.701007465910344,-9.119652615329128,0.0302,-0.9425,-0.3231,-0.0795,0
1484593.0,1395.992849,1.0,1.68,-0.03,-9.66,2.69,-12.06,39.69,-5.75,2.25,-3.75,0.030367912262847088,0.007371852680204349,0.001655178701374993,-140.95145697943067,-37.701007465910344,-9.119652615329128,0.0302,-0.9425,-0.3231,-0.0795,0
1484630.0,1396.010594,1.0,2.05,0.24,-9.98,2.69,-12.06,39.69,-5.94,3.31,-2.19,0.3800867408324504,-0.004746602771738939,-0.37745582914403464,-140.8145368825897,-37.79789028318413,-9.384074619875278,0.0276,-0.9421,-0.3239,-0.0818,0
1484630.0,1396.010594,1.0,2.05,0.24,-9.98,2.69,-12.06,39.69,-5.94,3.31,-2.19,0.3800867408324504,-0.004746602771738939,-0.37745582914403464,-140.8145368825897,-37.79789028318413,-9.384074619875278,0.0276,-0.9421,-0.3239,-0.0818,0
1484664.0,1396.013406,1.0,1.94,0.54,-9.81,3.0,-11.69,40.06,2.19,1.06,-2.56,0.497533854877798,0.2901056287025906,-0.19132973529880282,-140.71214769326966,-37.919033262141134,-9.430066128049688,0.0281,-0.9418,-0.3249,-0.0822,0
1484664.0,1396.013406,1.0,1.94,0.54,-9.81,3.0,-11.69,40.06,2.19,1.06,-2.56,0.497533854877798,0.2901056287025906,-0.19132973529880282,-140.71214769326966,-37.919033262141134,-9.430066128049688,0.0281,-0.9418,-0.3249,-0.0822,0
1484699.0,1396.055318,1.0,1.76,0.0,-9.76,2.25,-12.5,39.19,17.69,7.13,-4.44,0.058144683487246954,0.04154205227113192,-0.11051156234611348,-140.54206620040912,-38.04022025359053,-9.41856810856577,0.0321,-0.9413,-0.3259,-0.0821,0
1484699.0,1396.055318,1.0,1.76,0.0,-9.76,2.25,-12.5,39.19,17.69,7.13,-4.44,0.058144683487246954,0.04154205227113192,-0.11051156234611348,-140.54206620040912,-38.04022025359053,-9.41856810856577,0.0321,-0.9413,-0.3259,-0.0821,0
1484734.0,1396.118841,1.0,2.0,-0.25,-9.89,2.25,-12.5,39.19,18.62,3.69,-2.63,0.09772584331832374,-0.19967501929747988,-0.2841963245763637,-140.33889297208822,-38.17357699786608,-9.430066128049688,0.0367,-0.9407,-0.327,-0.0822,0
1484734.0,1396.118841,1.0,2.0,-0.25,-9.89,2.25,-12.5,39.19,18.62,3.69,-2.63,0.09772584331832374,-0.19967501929747988,-0.2841963245763637,-140.33889297208822,-38.17357699786608,-9.430066128049688,0.0367,-0.9407,-0.327,-0.0822,0
1484769.0,1396.137509,1.0,1.94,-0.28,-9.62,2.25,-11.69,38.75,14.75,-1.37,-2.94,0.12512457188910048,-0.1517082937638526,-0.009037873761716497,-140.17034192327273,-38.343381493661,-9.23461264182475,0.0411,-0.9402,-0.3284,-0.0805,0
1484769.0,1396.137509,1.0,1.94,-0.28,-9.62,2.25,-11.69,38.75,14.75,-1.37,-2.94,0.12512457188910048,-0.1517082937638526,-0.009037873761716497,-140.17034192327273,-38.343381493661,-9.23461264182475,0.0411,-0.9402,-0.3284,-0.0805,0
1484804.0,1396.184192,1.0,1.83,-0.76,-9.59,3.0,-11.69,40.0,18.56,-0.06,-2.69,-0.20060221603112555,-0.3931870263575512,0.024024446845698932,-140.0359922172176,-38.464723978916496,-9.050681021579292,0.0455,-0.9398,-0.3294,-0.0789,0
1484804.0,1396.184192,1.0,1.83,-0.76,-9.59,3.0,-11.69,40.0,18.56,-0.06,-2.69,-0.20060221603112555,-0.3931870263575512,0.024024446845698932,-140.0359922172176,-38.464723978916496,-9.050681021579292,0.0455,-0.9398,-0.3294,-0.0789,0
1484838.0,1396.205285,1.0,1.88,-0.61,-9.58,2.69,-10.19,39.19,3.56,-3.56,0.44,-0.02743101025822972,-0.27395975377880616,0.02876200754551128,-139.93551354464947,-38.54969038931156,-8.889760035755181,0.0479,-0.9395,-0.3301,-0.0775,0
1484838.0,1396.205285,1.0,1.88,-0.61,-9.58,2.69,-10.19,39.19,3.56,-3.56,0.44,-0.02743101025822972,-0.27395975377880616,0.02876200754551128,-139.93551354464947,-38.54969038931156,-8.889760035755181,0.0479,-0.9395,-0.3301,-0.0775,0
1484873.0,1396.246185,1.0,1.69,-0.53,-9.59,2.69,-10.19,39.19,1.56,-4.5,0.56,-0.10307261374036042,-0.09740662315753254,0.05549683813951134,-139.96897956123578,-38.54969038931156,-8.76333445653462,0.0481,-0.9396,-0.3301,-0.0764,0
1484873.0,1396.246185,1.0,1.69,-0.53,-9.59,2.69,-10.19,39.19,1.56,-4.5,0.56,-0.10307261374036042,-0.09740662315753254,0.05549683813951134,-139.96897956123578,-38.54969038931156,-8.76333445653462,0.0481,-0.9396,-0.3301,-0.0764,0
1484910.0,1396.263364,1.0,1.53,-0.44,-9.59,2.69,-11.38,40.88,2.31,-0.88,-0.94,-0.1450773310997683,0.06405954584224338,0.08669892282952674,-140.0359922172176,-38.53755098296754,-8.61393617408195,0.0482,-0.9398,-0.33,-0.0751,0
1484910.0,1396.263364,1.0,1.53,-0.44,-9.59,2.69,-11.38,40.88,2.31,-0.88,-0.94,-0.1450773310997683,0.06405954584224338,0.08669892282952674,-140.0359922172176,-38.53755098296754,-8.61393617408195,0.0482,-0.9398,-0.33,-0.0751,0
1484945.0,1396.308104,1.0,1.66,-0.57,-9.58,2.69,-10.56,40.06,2.75,2.19,0.25,-0.1166031089981778,-0.09849954776619219,0.06839545649674328,-140.00247242955643,-38.53755098296754,-8.60244460934073,0.0493,-0.9397,-0.33,-0.075,0
1484945.0,1396.308104,1.0,1.66,-0.57,-9.58,2.69,-10.56,40.06,2.75,2.19,0.25,-0.1166031089981778,-0.09849954776619219,0.06839545649674328,-140.00247242955643,-38.53755098296754,-8.60244460934073,0.0493,-0.9397,-0.33,-0.075,0
1484978.0,1396.327181,1.0,1.88,-0.6,-9.71,2.69,-10.56,40.06,1.94,3.63,-0.44,0.01600946369495368,-0.2074239983847191,-0.09967217232845549,-139.96897956123578,-38.53755098296754,-8.68288738926451,0.0507,-0.9396,-0.33,-0.0757,0
1484978.0,1396.327181,1.0,1.88,-0.6,-9.71,2.69,-10.56,40.06,1.94,3.63,-0.44,0.01600946369495368,-0.2074239983847191,-0.09967217232845549,-139.96897956123578,-38.53755098296754,-8.68288738926451,0.0507,-0.9396,-0.33,-0.0757,0
1485012.0,1396.369242,1.0,1.98,-0.53,-9.82,1.88,-11.0,40.5,0.37,0.25,0.5,0.11868544915903609,-0.18479543421137112,-0.22258049947764214,-140.06953899210683,-38.379779541740355,-8.751841754333862,0.0511,-0.9399,-0.3287,-0.0763,0
1485012.0,1396.369242,1.0,1.98,-0.53,-9.82,1.88,-11.0,40.5,0.37,0.25,0.5,0.11868544915903609,-0.18479543421137112,-0.22258049947764214,-140.06953899210683,-38.379779541740355,-8.751841754333862,0.0511,-0.9399,-0.3287,-0.0763,0
