TIME,ELAPSED_SECONDS,PSTATE,acc_x,acc_y,acc_z,mag_x,mag_y,mag_z,gyr_x,gyr_y,gyr_z,lin_x,lin_y,lin_z,eul_x,eul_y,eul_z,qua_w,qua_x,qua_y,qua_z,LABLE
1226399.0,1186.960653,1.0,0.73,2.21,-9.8,15.25,-19.19,25.69,1.06,0.25,0.63,-0.03525035012850031,-0.13700674646184097,-0.26494304997177487,-135.8217429117077,-41.68496498644351,-8.349651905481078,-0.097,-0.9266,-0.3558,-0.0728,0
1226399.0,1186.960653,1.0,0.73,2.21,-9.8,15.25,-19.19,25.69,1.06,0.25,0.63,-0.03525035012850031,-0.13700674646184097,-0.26494304997177487,-135.8217429117077,-41.68496498644351,-8.349651905481078,-0.097,-0.9266,-0.3558,-0.0728,0
1226436.0,1186.979225,1.0,0.61,2.18,-9.54,15.69,-19.5,25.19,1.69,0.5,-0.44,-0.08544340457241661,-0.04414213857647242,0.0022198331714857744,-135.85222545366122,-41.68496498644351,-8.326672787534774,-0.0969,-0.9267,-0.3558,-0.0726,0
1226436.0,1186.979225,1.0,0.61,2.18,-9.54,15.69,-19.5,25.19,1.69,0.5,-0.44,-0.08544340457241661,-0.04414213857647242,0.0022198331714857744,-135.85222545366122,-41.68496498644351,-8.326672787534774,-0.0969,-0.9267,-0.3558,-0.0726,0
1226471.0,1187.025067,1.0,0.76,2.06,-9.72,15.25,-19.19,25.69,0.0,-1.12,1.12,-0.0848280112306771,-0.2441578045064825,-0.15491569897570123,-135.88272800413355,-41.67270371214475,-8.326672787534774,-0.0963,-0.9268,-0.3557,-0.0726,0
1226471.0,1187.025067,1.0,0.76,2.06,-9.72,15.25,-19.19,25.69,0.0,-1.12,1.12,-0.0848280112306771,-0.2441578045064825,-0.15491569897570123,-135.88272800413355,-41.67270371214475,-8.326672787534774,-0.0963,-0.9268,-0.3557,-0.0726,0
1226508.0,1187.042602,1.0,0.47,2.16,-9.41,15.25,-19.19,25.69,-0.06,-0.44,0.31,-0.16801228571018584,0.06008649806360511,0.14213958898584877,-135.88272800413355,-41.67270371214475,-8.303694005010767,-0.0964,-0.9268,-0.3557,-0.0724,0
1226508.0,1187.042602,1.0,0.47,2.16,-9.41,15.25,-19.19,25.69,-0.06,-0.44,0.31,-0.16801228571018584,0.06008649806360511,0.14213958898584877,-135.88272800413355,-41.67270371214475,-8.303694005010767,-0.0964,-0.9268,-0.3557,-0.0724,0
1226545.0,1187.082786,1.0,0.58,2.34,-9.49,14.88,-19.5,25.69,-1.81,2.63,1.37,-0.0022582319009295526,0.10667538517904296,0.01580145339354999,-135.88272800413355,-41.648182661236724,-8.384121213370948,-0.0967,-0.9268,-0.3555,-0.0731,0
1226545.0,1187.082786,1.0,0.58,2.34,-9.49,14.88,-19.5,25.69,-1.81,2.63,1.37,-0.0022582319009295526,0.10667538517904296,0.01580145339354999,-135.88272800413355,-41.648182661236724,-8.384121213370948,-0.0967,-0.9268,-0.3555,-0.0731,0
1226579.0,1187.106301,1.0,0.64,2.35,-9.41,14.88,-18.37,26.5,2.06,3.69,0.69,0.05697594655275767,0.09720799042719497,0.08721049208023857,-135.88272800413355,-41.62366360590611,-8.453062112264226,-0.0962,-0.9268,-0.3553,-0.0737,0
1226579.0,1187.106301,1.0,0.64,2.35,-9.41,14.88,-18.37,26.5,2.06,3.69,0.69,0.05697594655275767,0.09720799042719497,0.08721049208023857,-135.88272800413355,-41.62366360590611,-8.453062112264226,-0.0962,-0.9268,-0.3553,-0.0737,0
1226612.0,1187.147802,1.0,0.66,2.08,-9.62,14.88,-18.37,26.5,0.12,1.56,0.19,-0.15477170520236988,-0.12131819414943479,-0.055790246462182225,-135.88272800413355,-41.648182661236724,-8.544988083393587,-0.0955,-0.9268,-0.3555,-0.0745,0
1226612.0,1187.147802,1.0,0.66,2.08,-9.62,14.88,-18.37,26.5,0.12,1.56,0.19,-0.15477170520236988,-0.12131819414943479,-0.055790246462182225,-135.88272800413355,-41.648182661236724,-8.544988083393587,-0.0955,-0.9268,-0.3555,-0.0745,0
1226647.0,1187.203271,1.0,0.57,2.17,-9.58,16.06,-19.87,25.69,-0.75,2.06,0.69,-0.1679037319079114,0.014991201250291963,-0.03112330500639615,-135.88272800413355,-41.62366360590611,-8.625427825614649,-0.0955,-0.9268,-0.3553,-0.0752,0
1226647.0,1187.203271,1.0,0.57,2.17,-9.58,16.06,-19.87,25.69,-0.75,2.06,0.69,-0.1679037319079114,0.014991201250291963,-0.03112330500639615,-135.88272800413355,-41.62366360590611,-8.625427825614649,-0.0955,-0.9268,-0.3553,-0.0752,0
1226684.0,1187.258765,1.0,0.73,2.28,-9.66,14.56,-18.75,25.19,-1.19,3.38,0.31,-0.012861423779578385,-0.011587728265379571,-0.1455658491630416,-135.88272800413355,-41.62366360590611,-8.740349140335569,-0.0953,-0.9268,-0.3553,-0.0762,0
1226684.0,1187.258765,1.0,0.73,2.28,-9.66,14.56,-18.75,25.19,-1.19,3.38,0.31,-0.012861423779578385,-0.011587728265379571,-0.1455658491630416,-135.88272800413355,-41.62366360590611,-8.740349140335569,-0.0953,-0.9268,-0.3553,-0.0762,0
1226719.0,1187.263844,1.0,0.75,2.25,-9.71,14.56,-18.75,25.19,0.31,2.13,0.25,-0.03504926736535552,-0.043941636202675216,-0.18864592765842225,-135.88272800413355,-41.62366360590611,-8.797813093528106,-0.095,-0.9268,-0.3553,-0.0767,0
1226719.0,1187.263844,1.0,0.75,2.25,-9.71,14.56,-18.75,25.19,0.31,2.13,0.25,-0.03504926736535552,-0.043941636202675216,-0.18864592765842225,-135.88272800413355,-41.62366360590611,-8.797813093528106,-0.095,-0.9268,-0.3553,-0.0767,0
1226752.0,1187.2826,1.0,0.82,2.19,-9.87,15.25,-18.75,24.87,-0.06,0.19,0.44,-0.06010382337703024,-0.14854176097771643,-0.3353282525728769,-135.85222545366122,-41.62366360590611,-8.832292528579133,-0.0948,-0.9267,-0.3553,-0.077,0
1226752.0,1187.2826,1.0,0.82,2.19,-9.87,15.25,-18.75,24.87,-0.06,0.19,0.44,-0.06010382337703024,-0.14854176097771643,-0.3353282525728769,-135.85222545366122,-41.62366360590611,-8.832292528579133,-0.0948,-0.9267,-0.3553,-0.077,0
1226786.0,1187.328704,1.0,0.72,2.31,-9.64,14.19,-19.19,26.06,-0.69,-1.06,0.63,-0.003810257694943364,0.02853143405394265,-0.13232738397704402,-135.88272800413355,-41.62366360590611,-8.797813093528106,-0.095,-0.9268,-0.3553,-0.0767,0
1226786.0,1187.328704,1.0,0.72,2.31,-9.64,14.19,-19.19,26.06,-0.69,-1.06,0.63,-0.003810257694943364,0.02853143405394265,-0.13232738397704402,-135.88272800413355,-41.62366360590611,-8.797813093528106,-0.095,-0.9268,-0.3553,-0.0767,0
1226823.0,1187.394371,1.0,0.72,2.1,-9.6,15.25,-19.19,24.87,2.56,-0.37,-0.19,-0.12280598840789553,-0.11023769772217062,-0.04531256282026774,-135.88272800413355,-41.62366360590611,-8.774827247055486,-0.0944,-0.9268,-0.3553,-0.0765,0
1226823.0,1187.394371,1.0,0.72,2.1,-9.6,15.25,-19.19,24.87,2.56,-0.37,-0.19,-0.12280598840789553,-0.11023769772217062,-0.04531256282026774,-135.88272800413355,-41.62366360590611,-8.774827247055486,-0.0944,-0.9268,-0.3553,-0.0765,0
1226858.0,1187.397419,1.0,0.6,2.25,-9.54,15.25,-19.19,24.87,-0.06,-0.94,1.12,-0.09674779012090318,0.08556279006360112,-0.012587183919292144,-135.91325060474233,-41.599146544543494,-8.740349140335569,-0.0944,-0.9269,-0.3551,-0.0762,0
1226858.0,1187.397419,1.0,0.6,2.25,-9.54,15.25,-19.19,24.87,-0.06,-0.94,1.12,-0.09674779012090318,0.08556279006360112,-0.012587183919292144,-135.91325060474233,-41.599146544543494,-8.740349140335569,-0.0944,-0.9269,-0.3551,-0.0762,0
1226895.0,1187.444941,1.0,0.76,2.22,-9.66,14.56,-18.75,25.69,2.19,2.19,0.56,-0.023457796749800475,-0.04751266202155091,-0.1341141697567334,-135.94379329724794,-41.586888761097505,-8.76333445653462,-0.0939,-0.927,-0.355,-0.0764,0
1226895.0,1187.444941,1.0,0.76,2.22,-9.66,14.56,-18.75,25.69,2.19,2.19,0.56,-0.023457796749800475,-0.04751266202155091,-0.1341141697567334,-135.94379329724794,-41.586888761097505,-8.76333445653462,-0.0939,-0.927,-0.355,-0.0764,0
1226930.0,1187.448732,1.0,0.83,2.2,-9.63,15.25,-19.5,25.69,2.81,-0.31,0.69,0.03074297514335972,-0.09196259500809112,-0.10578651937295902,-135.97435612355386,-41.57463147554045,-8.740349140335569,-0.0931,-0.9271,-0.3549,-0.0762,0
1226930.0,1187.448732,1.0,0.83,2.2,-9.63,15.25,-19.5,25.69,2.81,-0.31,0.69,0.03074297514335972,-0.09196259500809112,-0.10578651937295902,-135.97435612355386,-41.57463147554045,-8.740349140335569,-0.0931,-0.9271,-0.3549,-0.0762,0
1226964.0,1187.484147,1.0,0.52,1.92,-9.25,15.25,-19.5,25.69,1.44,-0.94,0.12,-0.2874467199831261,-0.03931129359363772,0.34963519587883063,-136.00493912570792,-41.57463147554045,-8.68288738926451,-0.0927,-0.9272,-0.3549,-0.0757,0
1226964.0,1187.484147,1.0,0.52,1.92,-9.25,15.25,-19.5,25.69,1.44,-0.94,0.12,-0.2874467199831261,-0.03931129359363772,0.34963519587883063,-136.00493912570792,-41.57463147554045,-8.68288738926451,-0.0927,-0.9272,-0.3549,-0.0757,0
1226997.0,1187.560027,1.0,0.43,1.72,-9.21,14.56,-18.75,26.87,0.56,2.19,0.44,-0.4803598499481363,-0.10992339903580817,0.4405103864290876,-136.00493912570792,-41.57463147554045,-8.740349140335569,-0.0923,-0.9272,-0.3549,-0.0762,0
1226997.0,1187.560027,1.0,0.43,1.72,-9.21,14.56,-18.75,26.87,0.56,2.19,0.44,-0.4803598499481363,-0.10992339903580817,0.4405103864290876,-136.00493912570792,-41.57463147554045,-8.740349140335569,-0.0923,-0.9272,-0.3549,-0.0762,0
1227034.0,1187.563071,1.0,0.4,1.52,-9.04,14.88,-19.19,24.87,-2.94,5.75,2.25,-0.6196697431786515,-0.20502385326825912,0.6542746455370967,-136.00493912570792,-41.53786260419432,-8.901253805563371,-0.0922,-0.9272,-0.3546,-0.0776,0
1227034.0,1187.563071,1.0,0.4,1.52,-9.04,14.88,-19.19,24.87,-2.94,5.75,2.25,-0.6196697431786515,-0.20502385326825912,0.6542746455370967,-136.00493912570792,-41.53786260419432,-8.901253805563371,-0.0922,-0.9272,-0.3546,-0.0776,0
1227069.0,1187.604085,1.0,0.38,1.62,-8.77,14.88,-19.19,24.87,-8.75,4.0,4.88,-0.5181714924372587,-0.08094685464892648,0.8956093250200112,-136.12747373883852,-41.41533197987328,-8.935735653853005,-0.092,-0.9276,-0.3536,-0.0779,0
1227069.0,1187.604085,1.0,0.38,1.62,-8.77,14.88,-19.19,24.87,-8.75,4.0,4.88,-0.5181714924372587,-0.08094685464892648,0.8956093250200112,-136.12747373883852,-41.41533197987328,-8.935735653853005,-0.092,-0.9276,-0.3536,-0.0779,0
1227104.0,1187.665856,1.0,0.24,1.57,-8.2,14.88,-19.19,26.5,-8.38,9.44,7.94,-0.6048898325573672,0.03175998488964238,1.4762478732219328,-136.18886320443548,-41.182660023882,-9.349581983346612,-0.0941,-0.9278,-0.3517,-0.0815,0
1227104.0,1187.665856,1.0,0.24,1.57,-8.2,14.88,-19.19,26.5,-8.38,9.44,7.94,-0.6048898325573672,0.03175998488964238,1.4762478732219328,-136.18886320443548,-41.182660023882,-9.349581983346612,-0.0941,-0.9278,-0.3517,-0.0815,0
1227139.0,1187.68215,1.0,0.41,1.3,-7.41,13.75,-19.5,25.69,-7.5,14.75,11.94,-0.5625303734766164,-0.1614398104853737,2.29507914121775,-136.4043735540619,-40.77896631080099,-9.993587967554062,-0.0945,-0.9285,-0.3484,-0.0871,0
1227139.0,1187.68215,1.0,0.41,1.3,-7.41,13.75,-19.5,25.69,-7.5,14.75,11.94,-0.5625303734766164,-0.1614398104853737,2.29507914121775,-136.4043735540619,-40.77896631080099,-9.993587967554062,-0.0945,-0.9285,-0.3484,-0.0871,0
1227175.0,1187.723297,1.0,-0.06,0.95,-6.47,13.38,-19.5,27.25,-12.13,27.31,15.0,-1.0025830660903594,0.026795342130690458,3.3443664094084387,-136.5279785234642,-40.424641212889995,-10.764512919793646,-0.0947,-0.9289,-0.3455,-0.0938,0
1227175.0,1187.723297,1.0,-0.06,0.95,-6.47,13.38,-19.5,27.25,-12.13,27.31,15.0,-1.0025830660903594,0.026795342130690458,3.3443664094084387,-136.5279785234642,-40.424641212889995,-10.764512919793646,-0.0947,-0.9289,-0.3455,-0.0938,0
1227210.0,1187.731127,1.0,0.27,1.32,-6.37,13.38,-19.5,27.25,-21.12,44.31,23.75,-0.7055001467658588,0.16366661357121381,3.336125849475911,-136.68295663578678,-39.65628250180669,-12.607573156584117,-0.0952,-0.9294,-0.3392,-0.1098,0
1227210.0,1187.731127,1.0,0.27,1.32,-6.37,13.38,-19.5,27.25,-21.12,44.31,23.75,-0.7055001467658588,0.16366661357121381,3.336125849475911,-136.68295663578678,-39.65628250180669,-12.607573156584117,-0.0952,-0.9294,-0.3392,-0.1098,0
1227245.0,1187.783773,1.0,1.37,1.74,-6.81,13.06,-19.87,26.5,-19.56,65.81,31.0,0.02835363456514836,-0.17457667059144955,2.6477870276075137,-136.77619735313192,-38.88977704125324,-14.54632631618216,-0.0941,-0.9297,-0.3329,-0.1266,0
1227245.0,1187.783773,1.0,1.37,1.74,-6.81,13.06,-19.87,26.5,-19.56,65.81,31.0,0.02835363456514836,-0.17457667059144955,2.6477870276075137,-136.77619735313192,-38.88977704125324,-14.54632631618216,-0.0941,-0.9297,-0.3329,-0.1266,0
1227284.0,1187.860638,1.0,2.17,0.87,-7.19,11.25,-21.37,26.5,-20.19,79.5,33.63,-0.3494205750395549,-1.1720391997654105,2.3456762447886685,-136.62090215577362,-37.85845628256111,-17.613238149656624,-0.0892,-0.9292,-0.3244,-0.1531,0
1227284.0,1187.860638,1.0,2.17,0.87,-7.19,11.25,-21.37,26.5,-20.19,79.5,33.63,-0.3494205750395549,-1.1720391997654105,2.3456762447886685,-136.62090215577362,-37.85845628256111,-17.613238149656624,-0.0892,-0.9292,-0.3244,-0.1531,0
1227319.0,1187.864262,1.0,2.58,0.46,-7.0,11.25,-21.37,26.5,-29.12,85.56,38.25,-0.5106406703093189,-1.5913891895964074,2.521409677741458,-136.25033456727624,-36.91486277109623,-20.23879269230359,-0.0874,-0.928,-0.3166,-0.1757,0
1227319.0,1187.864262,1.0,2.58,0.46,-7.0,11.25,-21.37,26.5,-29.12,85.56,38.25,-0.5106406703093189,-1.5913891895964074,2.521409677741458,-136.25033456727624,-36.91486277109623,-20.23879269230359,-0.0874,-0.928,-0.3166,-0.1757,0
1227354.0,1187.91014,1.0,3.7,1.09,-7.39,8.69,-21.06,26.87,-45.88,95.94,53.81,-0.0005893775717908945,-1.5788107028024325,1.6214464950558138,-135.57859793518082,-35.10745640434998,-24.30331024588106,-0.087,-0.9258,-0.3016,-0.2105,0
1227354.0,1187.91014,1.0,3.7,1.09,-7.39,8.69,-21.06,26.87,-45.88,95.94,53.81,-0.0005893775717908945,-1.5788107028024325,1.6214464950558138,-135.57859793518082,-35.10745640434998,-24.30331024588106,-0.087,-0.9258,-0.3016,-0.2105,0
1227388.0,1187.963215,1.0,4.72,1.15,-7.44,5.25,-22.56,29.0,-44.75,93.31,54.44,0.19302794129655898,-1.8940802859799832,1.1273815928045643,-134.61838734283256,-32.98621503760272,-28.48187662578674,-0.0877,-0.9226,-0.2839,-0.246,0
1227388.0,1187.963215,1.0,4.72,1.15,-7.44,5.25,-22.56,29.0,-44.75,93.31,54.44,0.19302794129655898,-1.8940802859799832,1.1273815928045643,-134.61838734283256,-32.98621503760272,-28.48187662578674,-0.0877,-0.9226,-0.2839,-0.246,0
1227425.0,1187.969598,1.0,4.86,0.46,-6.92,1.5,-23.75,26.75,-54.56,93.69,55.5,-0.16755104413474875,-2.387268772996094,1.683197873404616,-133.58972143720712,-31.304732073341743,-31.63808150954527,-0.0898,-0.9191,-0.2698,-0.2726,0
1227425.0,1187.969598,1.0,4.86,0.46,-6.92,1.5,-23.75,26.75,-54.56,93.69,55.5,-0.16755104413474875,-2.387268772996094,1.683197873404616,-133.58972143720712,-31.304732073341743,-31.63808150954527,-0.0898,-0.9191,-0.2698,-0.2726,0
1227460.0,1187.985657,1.0,5.74,0.62,-6.84,1.5,-23.75,26.75,-71.5,96.81,66.25,-0.018986305438983053,-2.549464122294716,1.2265875171658696,-131.87465337051762,-28.517345406099263,-36.14256765746203,-0.0963,-0.9131,-0.2463,-0.3102,0
1227460.0,1187.985657,1.0,5.74,0.62,-6.84,1.5,-23.75,26.75,-71.5,96.81,66.25,-0.018986305438983053,-2.549464122294716,1.2265875171658696,-131.87465337051762,-28.517345406099263,-36.14256765746203,-0.0963,-0.9131,-0.2463,-0.3102,0
1227495.0,1188.029901,1.0,7.19,4.41,-6.54,-1.5,-27.19,26.0,-77.56,85.94,57.63,1.996653904310974,0.15004631182608152,-0.6769876936017347,-130.3242488651211,-26.217494492617096,-39.46144077446525,-0.1047,-0.9075,-0.2268,-0.3376,0
1227495.0,1188.029901,1.0,7.19,4.41,-6.54,-1.5,-27.19,26.0,-77.56,85.94,57.63,1.996653904310974,0.15004631182608152,-0.6769876936017347,-130.3242488651211,-26.217494492617096,-39.46144077446525,-0.1047,-0.9075,-0.2268,-0.3376,0
1227532.0,1188.088141,1.0,7.57,2.06,-6.67,-4.56,-29.56,23.5,0.31,83.12,21.06,0.8064792703939512,-1.8727664017678527,-0.28689928609527016,-128.0800345447506,-25.277122006902655,-42.8397831220635,-0.1016,-0.8991,-0.2188,-0.3652,0
1227532.0,1188.088141,1.0,7.57,2.06,-6.67,-4.56,-29.56,23.5,0.31,83.12,21.06,0.8064792703939512,-1.8727664017678527,-0.28689928609527016,-128.0800345447506,-25.277122006902655,-42.8397831220635,-0.1016,-0.8991,-0.2188,-0.3652,0
1227567.0,1188.104468,1.0,7.5,1.89,-5.34,-4.56,-29.56,23.5,-90.19,48.38,36.19,1.3184665671640707,-1.9181786728824386,0.7006115369706691,-126.7349719522371,-23.928344197778113,-44.927644585005865,-0.1091,-0.8939,-0.2073,-0.3821,0
1227567.0,1188.104468,1.0,7.5,1.89,-5.34,-4.56,-29.56,23.5,-90.19,48.38,36.19,1.3184665671640707,-1.9181786728824386,0.7006115369706691,-126.7349719522371,-23.928344197778113,-44.927644585005865,-0.1091,-0.8939,-0.2073,-0.3821,0
1227601.0,1188.158007,1.0,8.34,3.22,-5.45,-5.0,-30.06,23.87,-106.81,42.94,22.56,1.5940997064042313,-1.281060446897317,-0.46195410462090614,-124.65089633148652,-21.520524528354446,-47.54423608859244,-0.1356,-0.8856,-0.1867,-0.4031,0
1227601.0,1188.158007,1.0,8.34,3.22,-5.45,-5.0,-30.06,23.87,-106.81,42.94,22.56,1.5940997064042313,-1.281060446897317,-0.46195410462090614,-124.65089633148652,-21.520524528354446,-47.54423608859244,-0.1356,-0.8856,-0.1867,-0.4031,0
1227636.0,1188.160856,1.0,9.08,3.64,-4.67,-5.06,-34.25,19.69,-155.81,8.75,36.75,2.3802690710427665,-1.3263546685076397,-0.6852517552951412,-123.28472684734405,-19.12228331882828,-48.93789354543228,-0.1627,-0.88,-0.1661,-0.4142,0
1227636.0,1188.160856,1.0,9.08,3.64,-4.67,-5.06,-34.25,19.69,-155.81,8.75,36.75,2.3802690710427665,-1.3263546685076397,-0.6852517552951412,-123.28472684734405,-19.12228331882828,-48.93789354543228,-0.1627,-0.88,-0.1661,-0.4142,0
1227673.0,1188.197408,1.0,8.06,4.82,-2.71,-3.0,-38.19,15.5,-169.63,19.56,64.5,2.8815262039803455,0.4001715884142376,0.4751565806377691,-121.05687678616403,-14.523222401516826,-50.83360168709926,-0.2047,-0.8706,-0.1264,-0.4292,0
1227673.0,1188.197408,1.0,8.06,4.82,-2.71,-3.0,-38.19,15.5,-169.63,19.56,64.5,2.8815262039803455,0.4001715884142376,0.4751565806377691,-121.05687678616403,-14.523222401516826,-50.83360168709926,-0.2047,-0.8706,-0.1264,-0.4292,0
1227708.0,1188.258823,1.0,8.78,6.92,-2.66,-3.0,-38.19,15.5,-186.38,35.25,79.5,2.3581546775198077,1.9449017430590896,-1.270663019263159,-117.43114513307,-9.154139652218912,-53.615722062079556,-0.2448,-0.8546,-0.0798,-0.451,0
1227708.0,1188.258823,1.0,8.78,6.92,-2.66,-3.0,-38.19,15.5,-186.38,35.25,79.5,2.3581546775198077,1.9449017430590896,-1.270663019263159,-117.43114513307,-9.154139652218912,-53.615722062079556,-0.2448,-0.8546,-0.0798,-0.451,0
1227745.0,1188.274313,1.0,9.02,8.49,-2.35,-1.0,-40.69,4.88,-137.69,40.31,86.37,1.6776138472396724,3.364506964813598,-2.227829825205177,-114.68260427841712,-5.2386588087694115,-55.73131367504011,-0.266,-0.8419,-0.0457,-0.4674,0
1227745.0,1188.274313,1.0,9.02,8.49,-2.35,-1.0,-40.69,4.88,-137.69,40.31,86.37,1.6776138472396724,3.364506964813598,-2.227829825205177,-114.68260427841712,-5.2386588087694115,-55.73131367504011,-0.266,-0.8419,-0.0457,-0.4674,0
1227782.0,1188.328299,1.0,8.57,6.29,-1.79,0.0,-37.75,-2.38,-111.44,50.13,66.25,1.3720160083221564,1.8441296711880129,-0.7256744266757984,-110.87341536801529,-1.2949121758820281,-58.48407704844998,-0.288,-0.8235,-0.0113,-0.4885,0
1227782.0,1188.328299,1.0,8.57,6.29,-1.79,0.0,-37.75,-2.38,-111.44,50.13,66.25,1.3720160083221564,1.8441296711880129,-0.7256744266757984,-110.87341536801529,-1.2949121758820281,-58.48407704844998,-0.288,-0.8235,-0.0113,-0.4885,0
1227816.0,1188.331951,1.0,9.32,7.41,-1.68,0.0,-37.75,-2.38,-126.87,59.63,77.31,0.7051713518121862,2.5018264462589257,-1.9337289460725149,-107.452610813999,1.8335431812694831,-60.75566190693615,-0.3068,-0.8062,0.016,-0.5057,0
1227816.0,1188.331951,1.0,9.32,7.41,-1.68,0.0,-37.75,-2.38,-126.87,59.63,77.31,0.7051713518121862,2.5018264462589257,-1.9337289460725149,-107.452610813999,1.8335431812694831,-60.75566190693615,-0.3068,-0.8062,0.016,-0.5057,0
1227851.0,1188.375577,1.0,9.84,6.42,-2.2,-2.0,-33.06,-5.75,-91.25,56.0,77.69,-0.1134383808509033,1.2719097940278505,-2.0782722635070687,-103.42286086216532,5.513981585080581,-63.79482577106735,-0.3201,-0.7849,0.0481,-0.5284,0
1227851.0,1188.375577,1.0,9.84,6.42,-2.2,-2.0,-33.06,-5.75,-91.25,56.0,77.69,-0.1134383808509033,1.2719097940278505,-2.0782722635070687,-103.42286086216532,5.513981585080581,-63.79482577106735,-0.3201,-0.7849,0.0481,-0.5284,0
1227886.0,1188.424745,1.0,10.47,4.15,-2.7,-5.88,-31.25,-6.5,-119.31,66.56,50.81,0.10755456411537234,-1.0822310964062867,-1.723770975389808,-100.20622564478923,7.8556734445593195,-65.8990509847622,-0.333,-0.7672,0.0685,-0.5439,0
1227886.0,1188.424745,1.0,10.47,4.15,-2.7,-5.88,-31.25,-6.5,-119.31,66.56,50.81,0.10755456411537234,-1.0822310964062867,-1.723770975389808,-100.20622564478923,7.8556734445593195,-65.8990509847622,-0.333,-0.7672,0.0685,-0.5439,0
1227923.0,1188.488218,1.0,10.66,5.55,-0.52,-9.25,-28.87,-9.19,-170.69,52.19,57.75,0.24410234524503938,0.8973053680547758,-2.1868381132015102,-94.91906676360666,12.008242691005819,-68.0286277906356,-0.3651,-0.7368,0.1046,-0.5594,0
1227923.0,1188.488218,1.0,10.66,5.55,-0.52,-9.25,-28.87,-9.19,-170.69,52.19,57.75,0.24410234524503938,0.8973053680547758,-2.1868381132015102,-94.91906676360666,12.008242691005819,-68.0286277906356,-0.3651,-0.7368,0.1046,-0.5594,0
1227958.0,1188.506259,1.0,9.78,4.53,0.21,-9.25,-28.87,-9.19,-155.0,45.13,63.19,0.3703032652701642,0.6796476559310283,-0.9457615692954047,-90.82839290633041,15.18192036535379,-69.55624736247115,-0.3873,-0.7122,0.1321,-0.5704,0
1227958.0,1188.506259,1.0,9.78,4.53,0.21,-9.25,-28.87,-9.19,-155.0,45.13,63.19,0.3703032652701642,0.6796476559310283,-0.9457615692954047,-90.82839290633041,15.18192036535379,-69.55624736247115,-0.3873,-0.7122,0.1321,-0.5704,0
1227995.0,1188.552246,1.0,10.52,4.84,1.56,-12.25,-26.87,-13.5,-126.69,47.13,74.12,0.3568745674043208,1.6139985907326366,-1.760426082236732,-86.04727130143922,19.936217546906203,-71.08405950295474,-0.4081,-0.6823,0.1731,-0.5813,0
1227995.0,1188.552246,1.0,10.52,4.84,1.56,-12.25,-26.87,-13.5,-126.69,47.13,74.12,0.3568745674043208,1.6139985907326366,-1.760426082236732,-86.04727130143922,19.936217546906203,-71.08405950295474,-0.4081,-0.6823,0.1731,-0.5813,0
1228029.0,1188.569735,1.0,11.06,5.73,1.59,-14.56,-24.56,-16.19,-164.94,43.63,65.12,-0.9610233308273683,1.8106896595857935,-2.5821528927041495,-81.97585599565384,23.237678334824075,-72.24306941788454,-0.4264,-0.6559,0.2014,-0.5895,0
1228029.0,1188.569735,1.0,11.06,5.73,1.59,-14.56,-24.56,-16.19,-164.94,43.63,65.12,-0.9610233308273683,1.8106896595857935,-2.5821528927041495,-81.97585599565384,23.237678334824075,-72.24306941788454,-0.4264,-0.6559,0.2014,-0.5895,0
1228064.0,1188.605145,1.0,11.54,7.73,1.87,-14.56,-24.56,-16.19,-139.44,26.56,73.56,-3.4983747392265534,2.6498308230911203,-3.5035404867262425,-76.82225926226535,28.210041571444723,-73.11083313213125,-0.4472,-0.6213,0.2437,-0.5956,0
1228064.0,1188.605145,1.0,11.54,7.73,1.87,-14.56,-24.56,-16.19,-139.44,26.56,73.56,-3.4983747392265534,2.6498308230911203,-3.5035404867262425,-76.82225926226535,28.210041571444723,-73.11083313213125,-0.4472,-0.6213,0.2437,-0.5956,0
1228099.0,1188.673533,1.0,11.12,8.04,1.7,-17.5,-22.69,-21.87,-115.37,19.25,50.88,-4.808550244951357,2.3838118000827353,-2.936241580938944,-72.96824451527324,31.959785992705623,-73.4249924149719,-0.4619,-0.5946,0.2753,-0.5978,0
1228099.0,1188.673533,1.0,11.12,8.04,1.7,-17.5,-22.69,-21.87,-115.37,19.25,50.88,-4.808550244951357,2.3838118000827353,-2.936241580938944,-72.96824451527324,31.959785992705623,-73.4249924149719,-0.4619,-0.5946,0.2753,-0.5978,0
1228136.0,1188.694059,1.0,10.26,7.56,2.55,-18.0,-18.25,-23.75,-90.56,14.94,12.94,-4.507046593747922,2.8448624204498767,-2.0473361991862156,-70.90108527835082,33.763809904650955,-73.13936663783451,-0.4735,-0.58,0.2904,-0.5958,0
1228136.0,1188.694059,1.0,10.26,7.56,2.55,-18.0,-18.25,-23.75,-90.56,14.94,12.94,-4.507046593747922,2.8448624204498767,-2.0473361991862156,-70.90108527835082,33.763809904650955,-73.13936663783451,-0.4735,-0.58,0.2904,-0.5958,0
1228173.0,1188.697361,1.0,10.27,7.57,2.19,-20.56,-17.87,-27.06,-12.19,19.81,1.63,-4.903764920599805,2.1835485580347056,-1.9729554814327006,-69.13823625091533,34.747070547478,-72.89699940259715,-0.4858,-0.5674,0.2986,-0.5941,0
1228173.0,1188.697361,1.0,10.27,7.57,2.19,-20.56,-17.87,-27.06,-12.19,19.81,1.63,-4.903764920599805,2.1835485580347056,-1.9729554814327006,-69.13823625091533,34.747070547478,-72.89699940259715,-0.4858,-0.5674,0.2986,-0.5941,0
1228208.0,1188.757114,1.0,9.45,4.42,0.81,-20.56,-17.87,-27.06,86.25,5.13,11.13,-2.639548280650894,0.11144778887257534,-0.31833712416308835,-69.77961983723269,33.71591204499429,-73.9261202682898,-0.4766,-0.572,0.29,-0.6013,0
1228208.0,1188.757114,1.0,9.45,4.42,0.81,-20.56,-17.87,-27.06,86.25,5.13,11.13,-2.639548280650894,0.11144778887257534,-0.31833712416308835,-69.77961983723269,33.71591204499429,-73.9261202682898,-0.4766,-0.572,0.29,-0.6013,0
1228244.0,1188.800917,1.0,9.5,1.37,0.13,-18.75,-16.19,-27.0,87.19,17.37,12.38,-0.17233824684964527,-1.6070927757610616,0.3445491582857567,-71.56359842931408,31.43565821002521,-75.59897705351443,-0.4573,-0.5847,0.2709,-0.6129,0
1228244.0,1188.800917,1.0,9.5,1.37,0.13,-18.75,-16.19,-27.0,87.19,17.37,12.38,-0.17233824684964527,-1.6070927757610616,0.3445491582857567,-71.56359842931408,31.43565821002521,-75.59897705351443,-0.4573,-0.5847,0.2709,-0.6129,0
1228279.0,1188.817762,1.0,9.55,1.25,0.74,-19.56,-19.19,-25.75,51.13,-7.0,14.5,0.20243988388868195,-1.0862241667486503,0.2102061194272391,-72.44180194441707,30.52004779633356,-76.4571139486868,-0.4457,-0.5909,0.2632,-0.6188,0
1228279.0,1188.817762,1.0,9.55,1.25,0.74,-19.56,-19.19,-25.75,51.13,-7.0,14.5,0.20243988388868195,-1.0862241667486503,0.2102061194272391,-72.44180194441707,30.52004779633356,-76.4571139486868,-0.4457,-0.5909,0.2632,-0.6188,0
1228314.0,1188.85798,1.0,9.68,1.55,1.36,-19.56,-19.19,-25.75,9.31,1.12,4.56,0.25521884269065165,-0.3888201073886042,-0.07961230010239895,-72.95399287323657,30.17572764472251,-76.88076806545367,-0.4385,-0.5945,0.2603,-0.6217,0
1228314.0,1188.85798,1.0,9.68,1.55,1.36,-19.56,-19.19,-25.75,9.31,1.12,4.56,0.25521884269065165,-0.3888201073886042,-0.07961230010239895,-72.95399287323657,30.17572764472251,-76.88076806545367,-0.4385,-0.5945,0.2603,-0.6217,0
1228349.0,1188.874834,1.0,9.5,2.26,1.52,-18.69,-18.75,-25.25,-15.38,1.12,-1.88,-0.3094149673328648,0.11131198630739148,-0.07059010134889476,-72.66923443071872,30.42503487303701,-76.77839320064767,-0.4409,-0.5925,0.2624,-0.621,0
1228349.0,1188.874834,1.0,9.5,2.26,1.52,-18.69,-18.75,-25.25,-15.38,1.12,-1.88,-0.3094149673328648,0.11131198630739148,-0.07059010134889476,-72.66923443071872,30.42503487303701,-76.77839320064767,-0.4409,-0.5925,0.2624,-0.621,0
1228386.0,1188.917223,1.0,9.21,2.03,2.15,-18.37,-19.69,-24.0,-0.25,-1.31,-0.12,0.1790169602767625,0.6113717974595525,0.1546202936012282,-72.65501018396799,30.50817000692102,-76.70531264449292,-0.4413,-0.5924,0.2631,-0.6205,0
1228386.0,1188.917223,1.0,9.21,2.03,2.15,-18.37,-19.69,-24.0,-0.25,-1.31,-0.12,0.1790169602767625,0.6113717974595525,0.1546202936012282,-72.65501018396799,30.50817000692102,-76.70531264449292,-0.4413,-0.5924,0.2631,-0.6205,0
1228423.0,1188.975366,1.0,9.19,1.8,1.99,-18.37,-19.69,-24.0,7.56,0.37,3.19,0.28601959116358633,0.37449495983291503,0.24452961179475885,-72.71191496585868,30.38941055279805,-76.8953989710222,-0.4396,-0.5928,0.2621,-0.6218,0
1228423.0,1188.975366,1.0,9.19,1.8,1.99,-18.37,-19.69,-24.0,7.56,0.37,3.19,0.28601959116358633,0.37449495983291503,0.24452961179475885,-72.71191496585868,30.38941055279805,-76.8953989710222,-0.4396,-0.5928,0.2621,-0.6218,0
1228455.0,1188.990378,1.0,9.56,1.09,1.48,-19.5,-18.87,-24.87,15.75,5.44,5.94,0.6489974611444438,-0.48475277652265203,0.1053141620299698,-72.78307520859934,30.187596092266826,-77.20299169289568,-0.437,-0.5933,0.2604,-0.6239,0
1228455.0,1188.990378,1.0,9.56,1.09,1.48,-19.5,-18.87,-24.87,15.75,5.44,5.94,0.6489974611444438,-0.48475277652265203,0.1053141620299698,-72.78307520859934,30.187596092266826,-77.20299169289568,-0.437,-0.5933,0.2604,-0.6239,0
1228492.0,1189.074208,1.0,9.66,1.47,1.34,-20.06,-18.87,-23.19,0.94,6.75,6.81,0.2083096321020721,-0.4568523737285295,-0.04322274058869091,-72.5981261731199,30.104523913110068,-77.5994395892969,-0.4352,-0.592,0.2597,-0.6266,0
1228492.0,1189.074208,1.0,9.66,1.47,1.34,-20.06,-18.87,-23.19,0.94,6.75,6.81,0.2083096321020721,-0.4568523737285295,-0.04322274058869091,-72.5981261731199,30.104523913110068,-77.5994395892969,-0.4352,-0.592,0.2597,-0.6266,0
1228527.0,1189.085857,1.0,9.6,1.85,1.24,-19.37,-18.56,-24.0,-11.0,7.94,2.13,-0.21452206994790268,-0.36944470101065674,-0.03903894970790667,-72.2714443625658,30.21133398212997,-77.76127164487418,-0.4363,-0.5897,0.2606,-0.6277,0
1228527.0,1189.085857,1.0,9.6,1.85,1.24,-19.37,-18.56,-24.0,-11.0,7.94,2.13,-0.21452206994790268,-0.36944470101065674,-0.03903894970790667,-72.2714443625658,30.21133398212997,-77.76127164487418,-0.4363,-0.5897,0.2606,-0.6277,0
1228562.0,1189.138356,1.0,9.5,2.14,1.39,-19.37,-18.56,-24.0,-12.44,3.94,1.94,-0.43641263154761845,-0.10834794601540865,-0.019819596839951714,-71.84635644599051,30.484415435162095,-77.76127164487418,-0.4388,-0.5867,0.2629,-0.6277,0
1228562.0,1189.138356,1.0,9.5,2.14,1.39,-19.37,-18.56,-24.0,-12.44,3.94,1.94,-0.43641263154761845,-0.10834794601540865,-0.019819596839951714,-71.84635644599051,30.484415435162095,-77.76127164487418,-0.4388,-0.5867,0.2629,-0.6277,0
1228597.0,1189.155448,1.0,9.23,2.66,1.79,-19.75,-18.87,-24.5,-11.19,0.06,1.69,-0.727569644220218,0.5338008626533906,0.07740033459209705,-71.62010973363982,30.745789793742468,-77.68768880531772,-0.4406,-0.5851,0.2651,-0.6272,0
1228597.0,1189.155448,1.0,9.23,2.66,1.79,-19.75,-18.87,-24.5,-11.19,0.06,1.69,-0.727569644220218,0.5338008626533906,0.07740033459209705,-71.62010973363982,30.745789793742468,-77.68768880531772,-0.4406,-0.5851,0.2651,-0.6272,0
1228634.0,1189.15849,1.0,9.17,2.46,2.05,-20.06,-18.87,-23.56,6.88,4.94,2.19,-0.44363577802131204,0.6672137118498342,0.1267216346049853,-71.54947374195106,30.698255032644507,-77.82016535805076,-0.4401,-0.5846,0.2647,-0.6281,0
1228634.0,1189.15849,1.0,9.17,2.46,2.05,-20.06,-18.87,-23.56,6.88,4.94,2.19,-0.44363577802131204,0.6672137118498342,0.1267216346049853,-71.54947374195106,30.698255032644507,-77.82016535805076,-0.4401,-0.5846,0.2647,-0.6281,0
1228668.0,1189.19902,1.0,9.48,2.02,1.58,-20.06,-18.87,-23.56,12.19,3.63,3.06,-0.2804607475048293,-0.024447268967082714,-0.01006758278443698,-71.60598002322817,30.448786092848707,-78.04123484742134,-0.4385,-0.585,0.2626,-0.6296,0
1228668.0,1189.19902,1.0,9.48,2.02,1.58,-20.06,-18.87,-23.56,12.19,3.63,3.06,-0.2804607475048293,-0.024447268967082714,-0.01006758278443698,-71.60598002322817,30.448786092848707,-78.04123484742134,-0.4385,-0.585,0.2626,-0.6296,0
1228703.0,1189.258954,1.0,9.35,1.92,1.63,-20.06,-19.25,-25.69,11.88,2.44,1.69,-0.1780524374418433,0.005168660566066796,0.12501425935839272,-71.77561964048604,30.151991743632966,-78.32175344327142,-0.4357,-0.5862,0.2601,-0.6315,0
1228703.0,1189.258954,1.0,9.35,1.92,1.63,-20.06,-19.25,-25.69,11.88,2.44,1.69,-0.1780524374418433,0.005168660566066796,0.12501425935839272,-71.77561964048604,30.151991743632966,-78.32175344327142,-0.4357,-0.5862,0.2601,-0.6315,0
1228738.0,1189.267455,1.0,9.4,3.14,2.07,-19.37,-19.25,-23.56,15.31,2.44,-2.25,-0.9748963022173477,0.9544725109135324,-0.22545144614942458,-71.93128239622219,29.879123753551497,-78.49921150262163,-0.434,-0.5873,0.2578,-0.6327,0
1228738.0,1189.267455,1.0,9.4,3.14,2.07,-19.37,-19.25,-23.56,15.31,2.44,-2.25,-0.9748963022173477,0.9544725109135324,-0.22545144614942458,-71.93128239622219,29.879123753551497,-78.49921150262163,-0.434,-0.5873,0.2578,-0.6327,0
1228775.0,1189.327996,1.0,9.28,2.47,2.06,-20.06,-18.56,-24.5,83.69,20.06,-23.62,-0.2510337753735966,0.5497271866555979,0.0037074793140092765,-72.86851051764684,27.879330334175126,-79.15182427198795,-0.4282,-0.5939,0.2409,-0.6371,0
1228775.0,1189.327996,1.0,9.28,2.47,2.06,-20.06,-18.56,-24.5,83.69,20.06,-23.62,-0.2510337753735966,0.5497271866555979,0.0037074793140092765,-72.86851051764684,27.879330334175126,-79.15182427198795,-0.4282,-0.5939,0.2409,-0.6371,0
1228810.0,1189.386843,1.0,9.47,1.04,1.29,-20.06,-18.56,-24.5,45.25,11.31,-12.38,0.6170373827993425,-0.9886266494007818,0.2636692174393058,-73.69682949726199,25.94695623100749,-79.86728811365496,-0.4218,-0.5997,0.2245,-0.6419,0
1228810.0,1189.386843,1.0,9.47,1.04,1.29,-20.06,-18.56,-24.5,45.25,11.31,-12.38,0.6170373827993425,-0.9886266494007818,0.2636692174393058,-73.69682949726199,25.94695623100749,-79.86728811365496,-0.4218,-0.5997,0.2245,-0.6419,0
1228847.0,1189.394171,1.0,9.48,2.01,1.35,-18.56,-20.37,-23.19,4.44,2.38,-3.75,-0.11732080424890434,-0.4456905951320107,0.033186145137626966,-73.7541199081015,25.65305965168436,-79.9569836272298,-0.4217,-0.6001,0.222,-0.6425,0
1228847.0,1189.394171,1.0,9.48,2.01,1.35,-18.56,-20.37,-23.19,4.44,2.38,-3.75,-0.11732080424890434,-0.4456905951320107,0.033186145137626966,-73.7541199081015,25.65305965168436,-79.9569836272298,-0.4217,-0.6001,0.222,-0.6425,0
1228883.0,1189.412681,1.0,9.27,2.22,1.79,-18.56,-20.37,-22.37,-2.06,-0.69,-1.81,-0.03562213480464349,0.06792237780615173,0.1082213842857449,-73.76844586798647,25.617803632217925,-79.89718008366354,-0.4222,-0.6002,0.2217,-0.6421,0
1228883.0,1189.412681,1.0,9.27,2.22,1.79,-18.56,-20.37,-22.37,-2.06,-0.69,-1.81,-0.03562213480464349,0.06792237780615173,0.1082213842857449,-73.76844586798647,25.617803632217925,-79.89718008366354,-0.4222,-0.6002,0.2217,-0.6421,0
1228918.0,1189.461046,1.0,9.35,2.28,1.65,-18.56,-20.37,-22.37,-9.63,0.25,-0.19,-0.17120120099098046,-0.04081327026427428,0.04384177563393976,-73.6252466532314,25.758842544663857,-79.83740266974313,-0.4236,-0.5992,0.2229,-0.6417,0
1228918.0,1189.461046,1.0,9.35,2.28,1.65,-18.56,-20.37,-22.37,-9.63,0.25,-0.19,-0.17120120099098046,-0.04081327026427428,0.04384177563393976,-73.6252466532314,25.758842544663857,-79.83740266974313,-0.4236,-0.5992,0.2229,-0.6417,0
1228951.0,1189.479259,1.0,9.36,2.39,1.75,-19.37,-20.37,-24.5,-15.0,-0.06,1.5,-0.22646177547810753,0.09013596450391881,-0.007869375504348852,-73.36782485981517,26.099850978803428,-79.68807312130106,-0.4261,-0.5974,0.2258,-0.6407,0
1228951.0,1189.479259,1.0,9.36,2.39,1.75,-19.37,-20.37,-24.5,-15.0,-0.06,1.5,-0.22646177547810753,0.09013596450391881,-0.007869375504348852,-73.36782485981517,26.099850978803428,-79.68807312130106,-0.4261,-0.5974,0.2258,-0.6407,0
1228988.0,1189.526304,1.0,9.52,2.49,1.59,-19.0,-20.75,-24.75,-12.63,1.19,1.75,-0.4097188645201719,-0.03874115200968542,-0.15272897537779428,-73.13936663783451,26.358703855877888,-79.59855330327525,-0.4282,-0.5958,0.228,-0.6401,0
1228988.0,1189.526304,1.0,9.52,2.49,1.59,-19.0,-20.75,-24.75,-12.63,1.19,1.75,-0.4097188645201719,-0.03874115200968542,-0.15272897537779428,-73.13936663783451,26.358703855877888,-79.59855330327525,-0.4282,-0.5958,0.228,-0.6401,0
1229023.0,1189.548106,1.0,9.33,2.64,1.78,-19.0,-20.75,-24.75,-12.94,-2.0,-1.63,-0.4304153684951223,0.23471772211919473,-0.039493925491155935,-73.03952240082316,26.57059440264536,-79.31545721761533,-0.431,-0.5951,0.2298,-0.6382,0
1229023.0,1189.548106,1.0,9.33,2.64,1.78,-19.0,-20.75,-24.75,-12.94,-2.0,-1.63,-0.4304153684951223,0.23471772211919473,-0.039493925491155935,-73.03952240082316,26.57059440264536,-79.31545721761533,-0.431,-0.5951,0.2298,-0.6382,0
1229058.0,1189.592564,1.0,9.19,2.01,1.71,-18.69,-21.56,-23.87,-0.75,-3.38,-4.38,0.06316118782429359,-0.1140944965423818,0.24614305161010996,-73.12509922631307,26.54704645350268,-79.15182427198795,-0.4318,-0.5957,0.2296,-0.6371,0
1229058.0,1189.592564,1.0,9.19,2.01,1.71,-18.69,-21.56,-23.87,-0.75,-3.38,-4.38,0.06316118782429359,-0.1140944965423818,0.24614305161010996,-73.12509922631307,26.54704645350268,-79.15182427198795,-0.4318,-0.5957,0.2296,-0.6371,0
1229094.0,1189.664401,1.0,9.17,2.01,1.73,-19.87,-20.75,-23.5,-6.38,-0.06,-4.19,0.09405059126563708,-0.10128104951348127,0.26187149888788497,-73.13936663783451,26.582368805630423,-78.95868851235782,-0.4335,-0.5958,0.2299,-0.6358,0
1229094.0,1189.664401,1.0,9.17,2.01,1.73,-19.87,-20.75,-23.5,-6.38,-0.06,-4.19,0.09405059126563708,-0.10128104951348127,0.26187149888788497,-73.13936663783451,26.582368805630423,-78.95868851235782,-0.4335,-0.5958,0.2299,-0.6358,0
1229129.0,1189.667628,1.0,9.24,2.47,1.75,-19.06,-20.06,-23.5,-13.31,-0.37,-2.63,-0.27055639750132243,0.11906124169946275,0.08792458683516102,-72.99675173267173,26.723683975588177,-78.8103048383864,-0.4356,-0.5948,0.2311,-0.6348,0
1229129.0,1189.667628,1.0,9.24,2.47,1.75,-19.06,-20.06,-23.5,-13.31,-0.37,-2.63,-0.27055639750132243,0.11906124169946275,0.08792458683516102,-72.99675173267173,26.723683975588177,-78.8103048383864,-0.4356,-0.5948,0.2311,-0.6348,0
1229162.0,1189.706215,1.0,9.14,2.85,1.87,-19.06,-20.06,-23.5,-11.25,0.69,-2.81,-0.537338182332707,0.4183578948456963,0.07550184833631057,-72.78307520859934,26.94751777725,-78.61764169313197,-0.4385,-0.5933,0.233,-0.6335,0
1229162.0,1189.706215,1.0,9.14,2.85,1.87,-19.06,-20.06,-23.5,-11.25,0.69,-2.81,-0.537338182332707,0.4183578948456963,0.07550184833631057,-72.78307520859934,26.94751777725,-78.61764169313197,-0.4385,-0.5933,0.233,-0.6335,0
1229199.0,1189.762653,1.0,9.34,2.71,1.69,-18.69,-20.06,-23.5,6.13,3.06,-4.31,-0.48185236989895874,0.12061190216967388,-0.05180175789169006,-72.82578699012865,26.747240522777687,-78.6324525112941,-0.439,-0.5936,0.2313,-0.6336,0
1229199.0,1189.762653,1.0,9.34,2.71,1.69,-18.69,-20.06,-23.5,6.13,3.06,-4.31,-0.48185236989895874,0.12061190216967388,-0.05180175789169006,-72.82578699012865,26.747240522777687,-78.6324525112941,-0.439,-0.5936,0.2313,-0.6336,0
1229234.0,1189.778752,1.0,9.32,2.51,1.78,-18.56,-19.69,-23.87,15.44,2.06,-6.38,-0.20713040684240336,0.06955451852031724,-0.005748237103643916,-73.13936663783451,26.19396354392425,-78.67689437611286,-0.4381,-0.5958,0.2266,-0.6339,0
1229234.0,1189.778752,1.0,9.32,2.51,1.78,-18.56,-19.69,-23.87,15.44,2.06,-6.38,-0.20713040684240336,0.06955451852031724,-0.005748237103643916,-73.13936663783451,26.19396354392425,-78.67689437611286,-0.4381,-0.5958,0.2266,-0.6339,0
1229268.0,1189.822274,1.0,9.19,2.4,1.86,-18.56,-19.69,-23.87,14.94,4.56,-5.44,-0.041419081283632586,0.0899198316410561,0.12853557189039755,-73.36782485981517,25.723579104048333,-78.7658205194529,-0.437,-0.5974,0.2226,-0.6345,0
1229268.0,1189.822274,1.0,9.19,2.4,1.86,-18.56,-19.69,-23.87,14.94,4.56,-5.44,-0.041419081283632586,0.0899198316410561,0.12853557189039755,-73.36782485981517,25.723579104048333,-78.7658205194529,-0.437,-0.5974,0.2226,-0.6345,0
1229303.0,1189.881955,1.0,9.42,2.23,1.41,-18.25,-20.75,-23.06,9.94,4.19,-4.31,-0.10909039595462455,-0.4609519148892818,0.03562023760185262,-73.45358416852795,25.359334591166075,-78.85480334917152,-0.4369,-0.598,0.2195,-0.6351,0
1229303.0,1189.881955,1.0,9.42,2.23,1.41,-18.25,-20.75,-23.06,9.94,4.19,-4.31,-0.10909039595462455,-0.4609519148892818,0.03562023760185262,-73.45358416852795,25.359334591166075,-78.85480334917152,-0.4369,-0.598,0.2195,-0.6351,0
1229338.0,1189.893182,1.0,9.23,2.35,1.9,-17.06,-20.75,-22.25,0.19,4.5,1.69,0.05207226337673143,0.04006138952632554,0.09474578072065043,-73.4249924149719,25.312354349514578,-78.88447691741733,-0.4371,-0.5978,0.2191,-0.6353,0
1229338.0,1189.893182,1.0,9.23,2.35,1.9,-17.06,-20.75,-22.25,0.19,4.5,1.69,0.05207226337673143,0.04006138952632554,0.09474578072065043,-73.4249924149719,25.312354349514578,-78.88447691741733,-0.4371,-0.5978,0.2191,-0.6353,0
1229375.0,1189.906646,1.0,9.36,2.47,1.57,-18.25,-20.06,-23.06,-1.81,-1.12,2.69,-0.23364831086670856,-0.21313384715997086,0.0048449402151486964,-73.26783271865594,25.41806598879087,-78.85480334917152,-0.4384,-0.5967,0.22,-0.6351,0
1229375.0,1189.906646,1.0,9.36,2.47,1.57,-18.25,-20.06,-23.06,-1.81,-1.12,2.69,-0.23364831086670856,-0.21313384715997086,0.0048449402151486964,-73.26783271865594,25.41806598879087,-78.85480334917152,-0.4384,-0.5967,0.22,-0.6351,0
1229410.0,1189.96231,1.0,9.16,2.57,1.86,-18.25,-20.06,-23.06,-4.88,-1.56,-1.63,-0.17196638984819035,0.1305583179829053,0.11523719863981796,-73.22499880394925,25.523799625853457,-78.7658205194529,-0.4393,-0.5964,0.2209,-0.6345,0
1229410.0,1189.96231,1.0,9.16,2.57,1.86,-18.25,-20.06,-23.06,-4.88,-1.56,-1.63,-0.17196638984819035,0.1305583179829053,0.11523719863981796,-73.22499880394925,25.523799625853457,-78.7658205194529,-0.4393,-0.5964,0.2209,-0.6345,0
1229445.0,1189.96569,1.0,9.17,2.67,1.85,-17.87,-20.37,-22.75,2.19,2.5,0.63,-0.26239166531344915,0.16296567750114477,0.08323018997787734,-73.15363536728182,25.559049077875777,-78.73617218118244,-0.44,-0.5959,0.2212,-0.6343,0
1229445.0,1189.96569,1.0,9.17,2.67,1.85,-17.87,-20.37,-22.75,2.19,2.5,0.63,-0.26239166531344915,0.16296567750114477,0.08323018997787734,-73.15363536728182,25.559049077875777,-78.73617218118244,-0.44,-0.5959,0.2212,-0.6343,0
1229481.0,1190.003893,1.0,9.36,2.26,1.76,-17.5,-20.06,-23.19,1.63,1.06,-0.31,0.041954634729202134,-0.18347833568476402,0.019956201328300338,-73.15363536728182,25.488552629562964,-78.79547515620452,-0.4398,-0.5959,0.2206,-0.6347,0
1229481.0,1190.003893,1.0,9.36,2.26,1.76,-17.5,-20.06,-23.19,1.63,1.06,-0.31,0.041954634729202134,-0.18347833568476402,0.019956201328300338,-73.15363536728182,25.488552629562964,-78.79547515620452,-0.4398,-0.5959,0.2206,-0.6347,0
1229516.0,1190.063547,1.0,9.32,2.62,1.84,-17.5,-20.06,-23.19,-2.38,-1.19,-0.06,-0.22066046971609599,0.07904976817861709,-0.04512446408796045,-73.08230489344335,25.59430098947942,-78.75099556338242,-0.4404,-0.5954,0.2215,-0.6344,0
1229516.0,1190.063547,1.0,9.32,2.62,1.84,-17.5,-20.06,-23.19,-2.38,-1.19,-0.06,-0.22066046971609599,0.07904976817861709,-0.04512446408796045,-73.08230489344335,25.59430098947942,-78.75099556338242,-0.4404,-0.5954,0.2215,-0.6344,0
1229549.0,1190.080933,1.0,9.25,2.45,1.7,-18.56,-20.37,-25.25,-1.06,-0.88,0.25,-0.16103050475940395,-0.09458667916886432,0.0896482743306688,-73.11083313213125,25.62955536451614,-78.69171147031696,-0.4405,-0.5956,0.2218,-0.634,0
1229549.0,1190.080933,1.0,9.25,2.45,1.7,-18.56,-20.37,-25.25,-1.06,-0.88,0.25,-0.16103050475940395,-0.09458667916886432,0.0896482743306688,-73.11083313213125,25.62955536451614,-78.69171147031696,-0.4405,-0.5956,0.2218,-0.634,0
