TIME,ELAPSED_SECONDS,PSTATE,acc_x,acc_y,acc_z,mag_x,mag_y,mag_z,gyr_x,gyr_y,gyr_z,lin_x,lin_y,lin_z,eul_x,eul_y,eul_z,qua_w,qua_x,qua_y,qua_z,LABLE
2134870.0,490.244331,1.0,-0.73,6.43,-7.64,4.0,-37.88,17.75,-0.25,0.06,1.12,0.03291205882987279,-0.01496890660380279,-0.2056470755076294,-139.5028685781741,-3.35801326652208,3.426798342942307,-0.3437,-0.9382,-0.0293,0.0299,0
2134870.0,490.244331,1.0,-0.73,6.43,-7.64,4.0,-37.88,17.75,-0.25,0.06,1.12,0.03291205882987279,-0.01496890660380279,-0.2056470755076294,-139.5028685781741,-3.35801326652208,3.426798342942307,-0.3437,-0.9382,-0.0293,0.0299,0
2134904.0,490.248291,1.0,-0.69,6.34,-7.75,4.38,-38.56,16.5,0.37,-1.56,-0.25,0.07564061333948163,-0.15007092144969336,-0.22858578278800934,-139.5359915492729,-3.3236211837162597,3.4726557451993814,-0.3434,-0.9383,-0.029,0.0303,0
2134904.0,490.248291,1.0,-0.69,6.34,-7.75,4.38,-38.56,16.5,0.37,-1.56,-0.25,0.07564061333948163,-0.15007092144969336,-0.22858578278800934,-139.5359915492729,-3.3236211837162597,3.4726557451993814,-0.3434,-0.9383,-0.029,0.0303,0
2134939.0,490.325755,1.0,-0.81,6.38,-7.52,4.75,-38.19,17.37,0.31,-1.44,-0.63,-0.0408340194865309,0.030163618962464334,-0.08821345226368749,-139.5028685781741,-3.3121572228147254,3.5299782811888885,-0.3435,-0.9382,-0.0289,0.0308,0
2134939.0,490.325755,1.0,-0.81,6.38,-7.52,4.75,-38.19,17.37,0.31,-1.44,-0.63,-0.0408340194865309,0.030163618962464334,-0.08821345226368749,-139.5028685781741,-3.3121572228147254,3.5299782811888885,-0.3435,-0.9382,-0.0289,0.0308,0
2134974.0,490.329325,1.0,-0.82,6.3,-7.51,4.38,-38.19,17.0,1.25,-1.88,0.63,-0.05038582091130411,-0.015610722986321157,-0.030001746116608885,-139.5691405181039,-3.300693295071686,3.57583694549078,-0.3431,-0.9384,-0.0288,0.0312,0
2134974.0,490.329325,1.0,-0.82,6.3,-7.51,4.38,-38.19,17.0,1.25,-1.88,0.63,-0.05038582091130411,-0.015610722986321157,-0.030001746116608885,-139.5691405181039,-3.300693295071686,3.57583694549078,-0.3431,-0.9384,-0.0288,0.0312,0
2135009.0,490.370741,1.0,-0.76,6.25,-7.61,4.38,-38.19,17.0,2.19,-1.25,0.63,0.011486007343408808,-0.1106267466657167,-0.06957548317713957,-139.60231554875963,-3.266301709643329,3.5987664920103746,-0.3426,-0.9385,-0.0285,0.0314,0
2135009.0,490.370741,1.0,-0.76,6.25,-7.61,4.38,-38.19,17.0,2.19,-1.25,0.63,0.011486007343408808,-0.1106267466657167,-0.06957548317713957,-139.60231554875963,-3.266301709643329,3.5987664920103746,-0.3426,-0.9385,-0.0285,0.0314,0
2135044.0,490.435845,1.0,-0.74,6.44,-7.72,3.56,-37.88,16.5,-1.06,-3.19,0.56,0.05547244257238888,-0.03938415571933351,-0.27377517438591603,-139.60231554875963,-3.231910418500817,3.644626018390771,-0.3427,-0.9385,-0.0282,0.0318,0
2135044.0,490.435845,1.0,-0.74,6.44,-7.72,3.56,-37.88,16.5,-1.06,-3.19,0.56,0.05547244257238888,-0.03938415571933351,-0.27377517438591603,-139.60231554875963,-3.231910418500817,3.644626018390771,-0.3427,-0.9385,-0.0282,0.0318,0
2135078.0,490.454393,1.0,-0.89,6.27,-7.47,3.56,-37.5,17.25,2.75,-2.69,0.19,-0.10271791310166092,0.008209690501673528,0.014036373837171823,-139.66874405322235,-3.186055816055173,3.7478120989556993,-0.3421,-0.9387,-0.0278,0.0327,0
2135078.0,490.454393,1.0,-0.89,6.27,-7.47,3.56,-37.5,17.25,2.75,-2.69,0.19,-0.10271791310166092,0.008209690501673528,0.014036373837171823,-139.66874405322235,-3.186055816055173,3.7478120989556993,-0.3421,-0.9387,-0.0278,0.0327,0
2135113.0,490.495155,1.0,-0.79,6.32,-7.67,3.56,-37.5,17.25,0.94,-0.63,1.37,0.01162734768326798,-0.0758025615502591,-0.16277921016284935,-139.70199765652578,-3.1287382797377283,3.782208130568333,-0.3416,-0.9388,-0.0273,0.033,0
2135113.0,490.495155,1.0,-0.79,6.32,-7.67,3.56,-37.5,17.25,0.94,-0.63,1.37,0.01162734768326798,-0.0758025615502591,-0.16277921016284935,-139.70199765652578,-3.1287382797377283,3.782208130568333,-0.3416,-0.9388,-0.0273,0.033,0
2135148.0,490.512437,1.0,-0.92,6.3,-7.55,4.38,-38.19,17.75,-0.75,-3.81,-0.06,-0.11174694649736791,-0.01093666749794453,-0.06889013759513851,-139.70199765652578,-3.094348134689141,3.873932556571698,-0.3416,-0.9388,-0.027,0.0338,0
2135148.0,490.512437,1.0,-0.92,6.3,-7.55,4.38,-38.19,17.75,-0.75,-3.81,-0.06,-0.11174694649736791,-0.01093666749794453,-0.06889013759513851,-139.70199765652578,-3.094348134689141,3.873932556571698,-0.3416,-0.9388,-0.027,0.0338,0
2135185.0,490.555414,1.0,-0.9,6.39,-7.42,4.0,-39.0,16.5,3.38,-4.31,0.12,-0.06692340995873425,0.1415610125782254,-0.02564280162655308,-139.70199765652578,-3.037031844213697,4.045922594423996,-0.3415,-0.9388,-0.0265,0.0353,0
2135185.0,490.555414,1.0,-0.9,6.39,-7.42,4.0,-39.0,16.5,3.38,-4.31,0.12,-0.06692340995873425,0.1415610125782254,-0.02564280162655308,-139.70199765652578,-3.037031844213697,4.045922594423996,-0.3415,-0.9388,-0.0265,0.0353,0
2135218.0,490.614506,1.0,-0.84,5.92,-7.52,4.0,-39.0,16.5,10.38,-5.56,-0.44,-0.018318810402204566,-0.24376177267519994,0.2023465573047556,-139.96897956123578,-2.9682532975386033,4.183521171347446,-0.3395,-0.9396,-0.0259,0.0365,0
2135218.0,490.614506,1.0,-0.84,5.92,-7.52,4.0,-39.0,16.5,10.38,-5.56,-0.44,-0.018318810402204566,-0.24376177267519994,0.2023465573047556,-139.96897956123578,-2.9682532975386033,4.183521171347446,-0.3395,-0.9396,-0.0259,0.0365,0
2135252.0,490.638639,1.0,-0.74,5.71,-7.72,3.25,-37.5,18.19,3.63,-3.94,2.56,0.09441917712082985,-0.50440605782972,0.18964633213044557,-140.1367137765361,-2.8421620551927376,4.332593112917143,-0.3379,-0.9401,-0.0248,0.0378,0
2135252.0,490.638639,1.0,-0.74,5.71,-7.72,3.25,-37.5,18.19,3.63,-3.94,2.56,0.09441917712082985,-0.50440605782972,0.18964633213044557,-140.1367137765361,-2.8421620551927376,4.332593112917143,-0.3379,-0.9401,-0.0248,0.0378,0
2135287.0,490.678786,1.0,-0.62,6.01,-7.56,4.0,-37.88,17.75,-2.94,-6.5,4.88,0.2296199276408662,-0.19110024296717976,0.13355042509805948,-140.0359922172176,-2.658762714530565,4.412865642375664,-0.3387,-0.9398,-0.0232,0.0385,0
2135287.0,490.678786,1.0,-0.62,6.01,-7.56,4.0,-37.88,17.75,-2.94,-6.5,4.88,0.2296199276408662,-0.19110024296717976,0.13355042509805948,-140.0359922172176,-2.658762714530565,4.412865642375664,-0.3387,-0.9398,-0.0232,0.0385,0
2135322.0,490.686079,1.0,-0.62,5.67,-7.44,4.38,-37.88,17.0,2.63,-9.63,7.56,0.20451000599071534,-0.35756406123963735,0.4409026406292842,-140.17034192327273,-2.2575997541901875,4.573417240623147,-0.3377,-0.9402,-0.0197,0.0399,0
2135322.0,490.686079,1.0,-0.62,5.67,-7.44,4.38,-37.88,17.0,2.63,-9.63,7.56,0.20451000599071534,-0.35756406123963735,0.4409026406292842,-140.17034192327273,-2.2575997541901875,4.573417240623147,-0.3377,-0.9402,-0.0197,0.0399,0
2135357.0,490.751326,1.0,-0.6,5.8,-7.44,4.38,-37.88,17.0,-8.63,-6.13,12.25,0.226278375288034,-0.2861474211651722,0.36098868115961125,-140.0359922172176,-1.8908465277120163,4.6536963885673295,-0.3391,-0.9398,-0.0165,0.0406,0
2135357.0,490.751326,1.0,-0.6,5.8,-7.44,4.38,-37.88,17.0,-8.63,-6.13,12.25,0.226278375288034,-0.2861474211651722,0.36098868115961125,-140.0359922172176,-1.8908465277120163,4.6536963885673295,-0.3391,-0.9398,-0.0165,0.0406,0
2135392.0,490.770132,1.0,-0.64,5.85,-7.25,4.0,-37.88,17.37,-10.56,-7.25,11.31,0.1532478447773457,-0.1861388137911577,0.4719583907355833,-139.66874405322235,-1.3751317128217122,4.6766337060034004,-0.342,-0.9387,-0.012,0.0408,0
2135392.0,490.770132,1.0,-0.64,5.85,-7.25,4.0,-37.88,17.37,-10.56,-7.25,11.31,0.1532478447773457,-0.1861388137911577,0.4719583907355833,-139.66874405322235,-1.3751317128217122,4.6766337060034004,-0.342,-0.9387,-0.012,0.0408,0
2135429.0,490.816687,1.0,-0.95,6.16,-6.67,3.25,-38.19,16.5,-19.06,-0.44,14.5,-0.20931767329653006,0.33641311877067537,0.6863423119247365,-139.1730548258568,-1.0198783397289317,4.619290761920459,-0.3463,-0.9372,-0.0089,0.0403,0
2135429.0,490.816687,1.0,-0.95,6.16,-6.67,3.25,-38.19,16.5,-19.06,-0.44,14.5,-0.20931767329653006,0.33641311877067537,0.6863423119247365,-139.1730548258568,-1.0198783397289317,4.619290761920459,-0.3463,-0.9372,-0.0089,0.0403,0
2135461.0,490.834536,1.0,-0.87,6.82,-6.44,3.25,-38.19,16.5,-13.13,5.0,25.56,-0.24002253995564618,0.8900332992093998,0.43151640593257135,-138.68306126823978,-0.25210163321982526,4.149120969117045,-0.351,-0.9357,-0.0022,0.0362,0
2135461.0,490.834536,1.0,-0.87,6.82,-6.44,3.25,-38.19,16.5,-13.13,5.0,25.56,-0.24002253995564618,0.8900332992093998,0.43151640593257135,-138.68306126823978,-0.25210163321982526,4.149120969117045,-0.351,-0.9357,-0.0022,0.0362,0
2135498.0,490.878014,1.0,-0.66,6.2,-6.58,3.25,-38.19,16.19,9.06,14.13,22.87,-0.16085541854127625,0.3516779843104749,0.7500254560721018,-138.84577222800962,0.3323159869732291,3.564372225995784,-0.35,-0.9362,0.0029,0.0311,0
2135498.0,490.878014,1.0,-0.66,6.2,-6.58,3.25,-38.19,16.19,9.06,14.13,22.87,-0.16085541854127625,0.3516779843104749,0.7500254560721018,-138.84577222800962,0.3323159869732291,3.564372225995784,-0.35,-0.9362,0.0029,0.0311,0
2135535.0,490.884656,1.0,-0.78,6.76,-6.1,1.75,-38.19,16.19,-12.94,28.06,13.13,-0.47009049777285256,1.0473870207914775,0.7403389887572658,-138.68306126823978,0.6187974261216272,2.509755787270372,-0.352,-0.9357,0.0054,0.0219,0
2135535.0,490.884656,1.0,-0.78,6.76,-6.1,1.75,-38.19,16.19,-12.94,28.06,13.13,-0.47009049777285256,1.0473870207914775,0.7403389887572658,-138.68306126823978,0.6187974261216272,2.509755787270372,-0.352,-0.9357,0.0054,0.0219,0
2135570.0,490.952539,1.0,0.1,6.72,-7.0,1.75,-38.19,16.19,0.19,44.63,16.87,0.26452930971167854,0.41401347464868676,0.11505482236733222,-138.585728177911,0.5844194845105756,1.306372069959298,-0.3535,-0.9354,0.0051,0.0114,0
2135570.0,490.952539,1.0,0.1,6.72,-7.0,1.75,-38.19,16.19,0.19,44.63,16.87,0.26452930971167854,0.41401347464868676,0.11505482236733222,-138.585728177911,0.5844194845105756,1.306372069959298,-0.3535,-0.9354,0.0051,0.0114,0
2135603.0,490.971048,1.0,0.58,6.82,-7.62,1.75,-38.19,17.0,9.0,38.38,27.75,0.4100461648748215,0.14058339222695704,-0.4268879245157162,-138.91102916961097,0.9740399810272837,-0.6417160846123932,-0.3508,-0.9364,0.0085,-0.0056,0
2135603.0,490.971048,1.0,0.58,6.82,-7.62,1.75,-38.19,17.0,9.0,38.38,27.75,0.4100461648748215,0.14058339222695704,-0.4268879245157162,-138.91102916961097,0.9740399810272837,-0.6417160846123932,-0.3508,-0.9364,0.0085,-0.0056,0
2135638.0,491.018057,1.0,0.67,6.79,-7.54,-0.06,-39.38,17.37,4.88,39.0,16.06,0.28846660663461654,0.1990799770812175,-0.3561131173604579,-139.04184146178912,1.100095864564908,-1.8793858210517667,-0.3493,-0.9368,0.0096,-0.0164,0
2135638.0,491.018057,1.0,0.67,6.79,-7.54,-0.06,-39.38,17.37,4.88,39.0,16.06,0.28846660663461654,0.1990799770812175,-0.3561131173604579,-139.04184146178912,1.100095864564908,-1.8793858210517667,-0.3493,-0.9368,0.0096,-0.0164,0
2135674.0,491.036669,1.0,0.47,6.76,-7.21,-0.88,-38.56,17.0,-5.19,35.88,13.56,-0.13044030424454672,0.3573821109980875,-0.08060762553839673,-138.7806141249359,1.0657168616283692,-3.3236211837162597,-0.3507,-0.936,0.0093,-0.029,0
2135674.0,491.036669,1.0,0.47,6.76,-7.21,-0.88,-38.56,17.0,-5.19,35.88,13.56,-0.13044030424454672,0.3573821109980875,-0.08060762553839673,-138.7806141249359,1.0657168616283692,-3.3236211837162597,-0.3507,-0.936,0.0093,-0.029,0
2135709.0,491.117654,1.0,0.73,6.87,-7.53,-0.88,-38.56,17.0,-5.0,41.44,14.19,-0.09672906102709747,0.20225049651060045,-0.4100245189133833,-138.5209607780903,1.0542572154525014,-4.573417240623147,-0.3517,-0.9352,0.0092,-0.0399,0
2135709.0,491.117654,1.0,0.73,6.87,-7.53,-0.88,-38.56,17.0,-5.0,41.44,14.19,-0.09672906102709747,0.20225049651060045,-0.4100245189133833,-138.5209607780903,1.0542572154525014,-4.573417240623147,-0.3517,-0.9352,0.0092,-0.0399,0
2135746.0,491.127858,1.0,1.02,7.42,-7.92,-1.56,-38.56,16.5,-7.25,31.5,7.13,-0.10660824382330444,0.2799870964198714,-1.0898375950091026,-137.97429037596618,0.893823223927814,-6.04177399090254,-0.3546,-0.9335,0.0078,-0.0527,0
2135746.0,491.127858,1.0,1.02,7.42,-7.92,-1.56,-38.56,16.5,-7.25,31.5,7.13,-0.10660824382330444,0.2799870964198714,-1.0898375950091026,-137.97429037596618,0.893823223927814,-6.04177399090254,-0.3546,-0.9335,0.0078,-0.0527,0
2135781.0,491.164936,1.0,1.13,6.85,-7.73,-3.06,-39.69,16.5,5.88,25.87,6.31,-0.0799793449775171,-0.008690914272207362,-0.5830481559805705,-137.94234469461358,0.7677691897415189,-6.856665996646211,-0.3537,-0.9334,0.0067,-0.0598,0
2135781.0,491.164936,1.0,1.13,6.85,-7.73,-3.06,-39.69,16.5,5.88,25.87,6.31,-0.0799793449775171,-0.008690914272207362,-0.5830481559805705,-137.94234469461358,0.7677691897415189,-6.856665996646211,-0.3537,-0.9334,0.0067,-0.0598,0
2135816.0,491.182127,1.0,1.2,6.63,-7.81,-3.06,-39.69,16.5,-6.06,20.19,8.19,-0.1609602522825519,-0.23286845406939616,-0.5041629689314284,-137.7829624670443,0.7677691897415189,-7.763786880218298,-0.3537,-0.9329,0.0067,-0.0677,0
2135816.0,491.182127,1.0,1.2,6.63,-7.81,-3.06,-39.69,16.5,-6.06,20.19,8.19,-0.1609602522825519,-0.23286845406939616,-0.5041629689314284,-137.7829624670443,0.7677691897415189,-7.763786880218298,-0.3537,-0.9329,0.0067,-0.0677,0
2135851.0,491.228884,1.0,1.38,6.81,-7.98,-2.69,-38.19,17.0,-5.69,19.31,4.5,-0.11669285147423591,-0.2569053730132369,-0.7707448781224837,-137.46590815068691,0.5385823103159236,-8.430081473298436,-0.3552,-0.9319,0.0047,-0.0735,0
2135851.0,491.228884,1.0,1.38,6.81,-7.98,-2.69,-38.19,17.0,-5.69,19.31,4.5,-0.11669285147423591,-0.2569053730132369,-0.7707448781224837,-137.46590815068691,0.5385823103159236,-8.430081473298436,-0.3552,-0.9319,0.0047,-0.0735,0
2135885.0,491.295143,1.0,1.56,6.6,-8.29,-4.56,-39.0,15.69,-5.75,9.63,6.5,-0.07272125776779417,-0.6379876996615272,-0.8847195714697484,-137.27675296577297,0.5500415954991054,-9.016196458354324,-0.3555,-0.9313,0.0048,-0.0786,0
2135885.0,491.295143,1.0,1.56,6.6,-8.29,-4.56,-39.0,15.69,-5.75,9.63,6.5,-0.07272125776779417,-0.6379876996615272,-0.8847195714697484,-137.27675296577297,0.5500415954991054,-9.016196458354324,-0.3555,-0.9313,0.0048,-0.0786,0
2135920.0,491.302968,1.0,1.29,6.77,-7.86,-4.56,-39.0,15.69,-7.06,1.19,5.44,-0.319088335887251,-0.24725890465679656,-0.6390977313961876,-137.088392741319,0.7104722177704716,-9.13114820216436,-0.3571,-0.9307,0.0062,-0.0796,0
2135920.0,491.302968,1.0,1.29,6.77,-7.86,-4.56,-39.0,15.69,-7.06,1.19,5.44,-0.319088335887251,-0.24725890465679656,-0.6390977313961876,-137.088392741319,0.7104722177704716,-9.13114820216436,-0.3571,-0.9307,0.0062,-0.0796,0
2135953.0,491.320809,1.0,1.35,6.85,-8.26,-3.88,-39.38,16.5,-10.69,1.69,6.56,-0.36740572092081464,-0.5202278653035024,-0.989968730157905,-136.68295663578678,0.7792286067117273,-9.349581983346612,-0.3598,-0.9294,0.0068,-0.0815,0
2135953.0,491.320809,1.0,1.35,6.85,-8.26,-3.88,-39.38,16.5,-10.69,1.69,6.56,-0.36740572092081464,-0.5202278653035024,-0.989968730157905,-136.68295663578678,0.7792286067117273,-9.349581983346612,-0.3598,-0.9294,0.0068,-0.0815,0
2135990.0,491.367923,1.0,1.48,7.19,-8.4,-4.19,-38.56,16.19,0.31,-14.25,0.94,-0.2555371728683855,-0.38631493971204955,-1.3392892390519417,-136.65191882638644,0.893823223927814,-9.154139652218912,-0.3607,-0.9293,0.0078,-0.0798,0
2135990.0,491.367923,1.0,1.48,7.19,-8.4,-4.19,-38.56,16.19,0.31,-14.25,0.94,-0.2555371728683855,-0.38631493971204955,-1.3392892390519417,-136.65191882638644,0.893823223927814,-9.154139652218912,-0.3607,-0.9293,0.0078,-0.0798,0
2136025.0,491.432848,1.0,1.36,7.08,-8.29,-4.19,-39.0,16.19,6.5,-11.94,-3.88,-0.25659973469794484,-0.33538958937406704,-1.1715907697905994,-136.99450746728783,0.870904232640807,-8.648411389524659,-0.3585,-0.9304,0.0076,-0.0754,0
2136025.0,491.432848,1.0,1.36,7.08,-8.29,-4.19,-39.0,16.19,6.5,-11.94,-3.88,-0.25659973469794484,-0.33538958937406704,-1.1715907697905994,-136.99450746728783,0.870904232640807,-8.648411389524659,-0.3585,-0.9304,0.0076,-0.0754,0
2136059.0,491.450795,1.0,1.46,7.18,-8.59,-4.19,-39.0,16.19,9.19,-18.56,-5.0,-0.11473634049838087,-0.41136967140678316,-1.4756241752545467,-137.3712305266047,0.8823637238721431,-8.165828301178744,-0.3564,-0.9316,0.0077,-0.0712,0
2136059.0,491.450795,1.0,1.46,7.18,-8.59,-4.19,-39.0,16.19,9.19,-18.56,-5.0,-0.11473634049838087,-0.41136967140678316,-1.4756241752545467,-137.3712305266047,0.8823637238721431,-8.165828301178744,-0.3564,-0.9316,0.0077,-0.0712,0
2136096.0,491.453992,1.0,1.2,6.51,-8.28,-5.0,-39.0,15.25,22.56,-24.31,-9.06,-0.11833983170377663,-0.5597733094893043,-0.778771556377226,-138.26285199839916,0.870904232640807,-7.212570385921346,-0.3506,-0.9344,0.0076,-0.0629,0
2136096.0,491.453992,1.0,1.2,6.51,-8.28,-5.0,-39.0,15.25,22.56,-24.31,-9.06,-0.11833983170377663,-0.5597733094893043,-0.778771556377226,-138.26285199839916,0.870904232640807,-7.212570385921346,-0.3506,-0.9344,0.0076,-0.0629,0
2136131.0,491.495831,1.0,1.07,6.56,-8.25,-3.5,-38.19,17.25,20.56,-31.56,-7.69,-0.10175812231252487,-0.3855772866975071,-0.7802275113593549,-138.9763854221543,0.7906880314747026,-6.420486066048695,-0.3457,-0.9366,0.0069,-0.056,0
2136131.0,491.495831,1.0,1.07,6.56,-8.25,-3.5,-38.19,17.25,20.56,-31.56,-7.69,-0.10175812231252487,-0.3855772866975071,-0.7802275113593549,-138.9763854221543,0.7906880314747026,-6.420486066048695,-0.3457,-0.9366,0.0069,-0.056,0
2136166.0,491.560163,1.0,0.67,6.46,-7.77,-3.5,-38.19,17.25,28.56,-27.87,-10.25,-0.2348415086223417,0.039876322394051034,-0.31741338111038786,-140.17034192327273,0.8021474641450599,-5.15836210329675,-0.3375,-0.9402,0.007,-0.045,0
2136166.0,491.560163,1.0,0.67,6.46,-7.77,-3.5,-38.19,17.25,28.56,-27.87,-10.25,-0.2348415086223417,0.039876322394051034,-0.31741338111038786,-140.17034192327273,0.8021474641450599,-5.15836210329675,-0.3375,-0.9402,0.007,-0.045,0
2136201.0,491.577454,1.0,0.99,6.46,-8.09,-2.69,-39.0,16.19,24.06,-25.31,-5.0,0.22683540788176315,0.018100275559959744,-0.5908505687788121,-141.29579335128196,0.7677691897415189,-4.194987989089829,-0.3292,-0.9435,0.0067,-0.0366,0
2136201.0,491.577454,1.0,0.99,6.46,-8.09,-2.69,-39.0,16.19,24.06,-25.31,-5.0,0.22683540788176315,0.018100275559959744,-0.5908505687788121,-141.29579335128196,0.7677691897415189,-4.194987989089829,-0.3292,-0.9435,0.0067,-0.0366,0
2136238.0,491.624249,1.0,0.8,6.32,-8.11,-2.38,-37.88,18.19,36.88,-27.37,-7.81,0.17991514940304212,0.0757775011901125,-0.5043338671840001,-142.34696199162144,0.7792286067117273,-3.380941489627292,-0.3212,-0.9465,0.0068,-0.0295,0
2136238.0,491.624249,1.0,0.8,6.32,-8.11,-2.38,-37.88,18.19,36.88,-27.37,-7.81,0.17991514940304212,0.0757775011901125,-0.5043338671840001,-142.34696199162144,0.7792286067117273,-3.380941489627292,-0.3212,-0.9465,0.0068,-0.0295,0
2136270.0,491.642176,1.0,0.45,5.79,-8.18,-2.38,-37.88,18.19,39.88,-31.87,-6.0,-0.00790433393591954,-0.18410622933010767,-0.22355649926146448,-143.57357451370328,0.8136069048374162,-2.486832027635776,-0.3118,-0.9499,0.0071,-0.0217,0
2136270.0,491.642176,1.0,0.45,5.79,-8.18,-2.38,-37.88,18.19,39.88,-31.87,-6.0,-0.00790433393591954,-0.18410622933010767,-0.22355649926146448,-143.57357451370328,0.8136069048374162,-2.486832027635776,-0.3118,-0.9499,0.0071,-0.0217,0
2136305.0,491.687394,1.0,0.55,5.83,-8.15,-2.38,-37.5,18.56,29.5,-29.0,-2.25,0.27663738947690203,0.1046762748031238,-0.22462183522791257,-144.9554604078314,1.0313379546174166,-1.306372069959298,-0.3007,-0.9536,0.009,-0.0114,0
2136305.0,491.687394,1.0,0.55,5.83,-8.15,-2.38,-37.5,18.56,29.5,-29.0,-2.25,0.27663738947690203,0.1046762748031238,-0.22462183522791257,-144.9554604078314,1.0313379546174166,-1.306372069959298,-0.3007,-0.9536,0.009,-0.0114,0
2136340.0,491.752252,1.0,0.6,6.09,-8.5,-0.5,-37.5,19.75,36.44,-30.06,-9.56,0.4567027330482636,0.28901140657568325,-0.6530820721180746,-145.91984007134727,0.9625804159917916,-0.5042044866238587,-0.293,-0.9561,0.0084,-0.0044,0
2136340.0,491.752252,1.0,0.6,6.09,-8.5,-0.5,-37.5,19.75,36.44,-30.06,-9.56,0.4567027330482636,0.28901140657568325,-0.6530820721180746,-145.91984007134727,0.9625804159917916,-0.5042044866238587,-0.293,-0.9561,0.0084,-0.0044,0
2136377.0,491.764984,1.0,0.1,5.16,-8.28,-0.5,-35.19,21.06,46.88,-36.06,-6.5,0.202968732487549,-0.0652144093996525,0.05223813795321597,-147.64369574598433,0.93966131468631,0.893823223927814,-0.2784,-0.9604,0.0082,0.0078,0
2136377.0,491.764984,1.0,0.1,5.16,-8.28,-0.5,-35.19,21.06,46.88,-36.06,-6.5,0.202968732487549,-0.0652144093996525,0.05223813795321597,-147.64369574598433,0.93966131468631,0.893823223927814,-0.2784,-0.9604,0.0082,0.0078,0
2136410.0,491.812282,1.0,0.07,4.86,-8.18,-0.5,-35.19,21.06,34.25,-29.19,1.12,0.3374000874203913,-0.025684885621987785,0.2975805677338048,-148.98694437514695,1.2719924264668117,2.0169155746287277,-0.2664,-0.9636,0.0111,0.0176,0
2136410.0,491.812282,1.0,0.07,4.86,-8.18,-0.5,-35.19,21.06,34.25,-29.19,1.12,0.3374000874203913,-0.025684885621987785,0.2975805677338048,-148.98694437514695,1.2719924264668117,2.0169155746287277,-0.2664,-0.9636,0.0111,0.0176,0
2136449.0,491.819472,1.0,-0.06,4.79,-8.21,-0.06,-34.88,21.87,27.12,-35.44,-5.31,0.3435078152048314,0.02524507430285272,0.30753609042313634,-149.68030591183427,1.4782721132478738,2.922401528803222,-0.2599,-0.9652,0.0129,0.0255,0
2136449.0,491.819472,1.0,-0.06,4.79,-8.21,-0.06,-34.88,21.87,27.12,-35.44,-5.31,0.3435078152048314,0.02524507430285272,0.30753609042313634,-149.68030591183427,1.4782721132478738,2.922401528803222,-0.2599,-0.9652,0.0129,0.0255,0
2136483.0,491.878271,1.0,-0.58,4.29,-7.78,1.37,-34.5,23.19,25.31,-35.38,-4.44,-0.006823957292285736,-0.05754792181533652,0.9035302282401236,-150.479330837061,1.6157945246366485,4.217921750764655,-0.2515,-0.967,0.0141,0.0368,0
2136483.0,491.878271,1.0,-0.58,4.29,-7.78,1.37,-34.5,23.19,25.31,-35.38,-4.44,-0.006823957292285736,-0.05754792181533652,0.9035302282401236,-150.479330837061,1.6157945246366485,4.217921750764655,-0.2515,-0.967,0.0141,0.0368,0
2136516.0,491.885864,1.0,-0.49,4.46,-7.88,1.37,-34.5,23.19,16.81,-26.0,10.63,0.18182813400237058,0.14318513308584802,0.7417431307956353,-150.9782044157604,2.0742204847835874,4.96336629149859,-0.2463,-0.9681,0.0181,0.0433,0
2136516.0,491.885864,1.0,-0.49,4.46,-7.88,1.37,-34.5,23.19,16.81,-26.0,10.63,0.18182813400237058,0.14318513308584802,0.7417431307956353,-150.9782044157604,2.0742204847835874,4.96336629149859,-0.2463,-0.9681,0.0181,0.0433,0
2136551.0,491.951985,1.0,-0.53,4.45,-8.42,1.75,-34.5,24.0,12.13,-20.44,1.56,0.2993455551117882,-0.04394221425274347,0.2731164829643884,-151.2538864729402,2.452446574526375,5.7319679651977244,-0.2422,-0.9687,0.0214,0.05,0
2136551.0,491.951985,1.0,-0.53,4.45,-8.42,1.75,-34.5,24.0,12.13,-20.44,1.56,0.2993455551117882,-0.04394221425274347,0.2731164829643884,-151.2538864729402,2.452446574526375,5.7319679651977244,-0.2422,-0.9687,0.0214,0.05,0
2136588.0,491.970466,1.0,-0.71,4.91,-8.21,1.75,-33.69,24.37,14.94,-28.31,11.88,0.1822897611670098,0.49575026084324225,0.22869081644489775,-151.34635737161238,2.865087475133015,6.443440527613203,-0.2397,-0.9689,0.025,0.0562,0
2136588.0,491.970466,1.0,-0.71,4.91,-8.21,1.75,-33.69,24.37,14.94,-28.31,11.88,0.1822897611670098,0.49575026084324225,0.22869081644489775,-151.34635737161238,2.865087475133015,6.443440527613203,-0.2397,-0.9689,0.025,0.0562,0
2136623.0,492.014803,1.0,-0.92,4.47,-8.18,1.75,-33.69,24.37,29.81,-29.56,14.38,0.07779397069282167,0.26587270079417635,0.4438000169501688,-152.0020244138963,3.656090990936744,7.315910364212048,-0.231,-0.9703,0.0319,0.0638,0
2136623.0,492.014803,1.0,-0.92,4.47,-8.18,1.75,-33.69,24.37,29.81,-29.56,14.38,0.07779397069282167,0.26587270079417635,0.4438000169501688,-152.0020244138963,3.656090990936744,7.315910364212048,-0.231,-0.9703,0.0319,0.0638,0
2136657.0,492.03268,1.0,-0.88,4.41,-8.8,2.88,-31.87,24.0,8.94,-18.25,5.63,0.2731979032884575,0.01290269382704734,-0.07199851212608088,-152.23986727877065,4.000057708800217,7.8212153932673,-0.2274,-0.9708,0.0349,0.0682,0
2136657.0,492.03268,1.0,-0.88,4.41,-8.8,2.88,-31.87,24.0,8.94,-18.25,5.63,0.2731979032884575,0.01290269382704734,-0.07199851212608088,-152.23986727877065,4.000057708800217,7.8212153932673,-0.2274,-0.9708,0.0349,0.0682,0
2136692.0,492.073662,1.0,-1.07,4.27,-8.46,3.25,-32.5,25.19,16.37,-20.69,11.31,0.11471808696380205,0.09738281498838619,0.2710977691185459,-152.4315896826145,4.5160763693433355,8.430081473298436,-0.2231,-0.9712,0.0394,0.0735,0
2136692.0,492.073662,1.0,-1.07,4.27,-8.46,3.25,-32.5,25.19,16.37,-20.69,11.31,0.11471808696380205,0.09738281498838619,0.2710977691185459,-152.4315896826145,4.5160763693433355,8.430081473298436,-0.2231,-0.9712,0.0394,0.0735,0
2136729.0,492.14101,1.0,-0.91,4.34,-8.55,2.88,-32.06,24.5,8.0,-22.62,21.62,0.31585054818474895,0.18164966173996344,0.18202315883877063,-152.4315896826145,5.296015172064578,8.832292528579133,-0.2207,-0.9712,0.0462,0.077,0
2136729.0,492.14101,1.0,-0.91,4.34,-8.55,2.88,-32.06,24.5,8.0,-22.62,21.62,0.31585054818474895,0.18164966173996344,0.18202315883877063,-152.4315896826145,5.296015172064578,8.832292528579133,-0.2207,-0.9712,0.0462,0.077,0
2136764.0,492.147682,1.0,-1.33,4.36,-8.25,2.88,-32.06,24.5,3.44,-23.19,12.44,-0.06989382762368318,0.28759375455715785,0.385747459096617,-152.1444912618588,6.053249123067683,9.53355259965066,-0.2195,-0.9706,0.0528,0.0831,0
2136764.0,492.147682,1.0,-1.33,4.36,-8.25,2.88,-32.06,24.5,3.44,-23.19,12.44,-0.06989382762368318,0.28759375455715785,0.385747459096617,-152.1444912618588,6.053249123067683,9.53355259965066,-0.2195,-0.9706,0.0528,0.0831,0
2136799.0,492.166208,1.0,-1.49,4.22,-7.81,3.25,-31.37,25.25,4.31,-11.13,13.88,-0.26453625698816247,0.338402219664772,0.8155374711488204,-152.09692309623645,6.386054856968827,9.855560741569812,-0.2184,-0.9705,0.0557,0.0859,0
2136799.0,492.166208,1.0,-1.49,4.22,-7.81,3.25,-31.37,25.25,4.31,-11.13,13.88,-0.26453625698816247,0.338402219664772,0.8155374711488204,-152.09692309623645,6.386054856968827,9.855560741569812,-0.2184,-0.9705,0.0557,0.0859,0
2136836.0,492.210862,1.0,-0.99,4.43,-8.18,3.56,-30.56,25.25,1.44,-4.06,24.94,0.23642612684293368,0.44230136924992713,0.46502957390123356,-151.9546930927713,7.212570385921346,9.798053639345571,-0.2181,-0.9702,0.0629,0.0854,0
2136836.0,492.210862,1.0,-0.99,4.43,-8.18,3.56,-30.56,25.25,1.44,-4.06,24.94,0.23642612684293368,0.44230136924992713,0.46502957390123356,-151.9546930927713,7.212570385921346,9.798053639345571,-0.2181,-0.9702,0.0629,0.0854,0
2136870.0,492.271865,1.0,-1.21,4.37,-7.42,3.56,-30.56,25.25,-5.31,-13.38,15.19,-0.11348879707106302,0.6472322449445052,1.1356863445552676,-151.6255402012684,7.8097295337257515,10.01659391306903,-0.2187,-0.9695,0.0681,0.0873,0
2136870.0,492.271865,1.0,-1.21,4.37,-7.42,3.56,-30.56,25.25,-5.31,-13.38,15.19,-0.11348879707106302,0.6472322449445052,1.1356863445552676,-151.6255402012684,7.8097295337257515,10.01659391306903,-0.2187,-0.9695,0.0681,0.0873,0
2136903.0,492.295876,1.0,-1.41,4.37,-7.29,1.75,-31.37,25.69,-7.56,-4.19,16.12,-0.34160445655570193,0.6026237727938824,1.2189115908654422,-151.06981274894218,8.476043091817115,10.131629731204741,-0.2216,-0.9683,0.0739,0.0883,0
2136903.0,492.295876,1.0,-1.41,4.37,-7.29,1.75,-31.37,25.69,-7.56,-4.19,16.12,-0.34160445655570193,0.6026237727938824,1.2189115908654422,-151.06981274894218,8.476043091817115,10.131629731204741,-0.2216,-0.9683,0.0739,0.0883,0
2136940.0,492.342356,1.0,-1.34,4.06,-7.33,2.88,-31.37,25.25,-5.13,10.06,18.19,-0.2894137707753421,0.2869996690131855,1.3306856973809822,-150.93250619783007,8.866772764864926,9.821056182581472,-0.2231,-0.968,0.0773,0.0856,0
2136940.0,492.342356,1.0,-1.34,4.06,-7.33,2.88,-31.37,25.25,-5.13,10.06,18.19,-0.2894137707753421,0.2869996690131855,1.3306856973809822,-150.93250619783007,8.866772764864926,9.821056182581472,-0.2231,-0.968,0.0773,0.0856,0
2136977.0,492.36162,1.0,-1.31,4.4,-7.41,2.06,-31.75,25.25,-14.19,10.31,17.25,-0.36787233934037633,0.45970766611927205,1.1096655338957042,-150.38950981826167,9.372576979838527,9.315090195791667,-0.228,-0.9668,0.0817,0.0812,0
2136977.0,492.36162,1.0,-1.31,4.4,-7.41,2.06,-31.75,25.25,-14.19,10.31,17.25,-0.36787233934037633,0.45970766611927205,1.1096655338957042,-150.38950981826167,9.372576979838527,9.315090195791667,-0.228,-0.9668,0.0817,0.0812,0
2137010.0,492.403037,1.0,-0.9,4.81,-7.75,2.06,-31.75,25.25,-20.06,18.69,20.06,-0.04443235489170799,0.6585148252767996,0.6648239247167123,-149.94434113378782,9.775051491876123,8.774827247055486,-0.2326,-0.9658,0.0852,0.0765,0
2137010.0,492.403037,1.0,-0.9,4.81,-7.75,2.06,-31.75,25.25,-20.06,18.69,20.06,-0.04443235489170799,0.6585148252767996,0.6648239247167123,-149.94434113378782,9.775051491876123,8.774827247055486,-0.2326,-0.9658,0.0852,0.0765,0
2137049.0,492.472053,1.0,-0.57,5.09,-8.12,1.37,-31.75,24.87,-18.69,23.31,13.44,0.16692979472167385,0.6388108625578406,0.22899605315517313,-149.24516700325162,10.120125690641803,7.878645873813734,-0.2405,-0.9642,0.0882,0.0687,0
2137049.0,492.472053,1.0,-0.57,5.09,-8.12,1.37,-31.75,24.87,-18.69,23.31,13.44,0.16692979472167385,0.6388108625578406,0.22899605315517313,-149.24516700325162,10.120125690641803,7.878645873813734,-0.2405,-0.9642,0.0882,0.0687,0
2137083.0,492.490775,1.0,-0.55,5.13,-7.97,0.25,-32.5,25.25,-18.19,20.37,10.69,0.060237189341973696,0.63890427851238,0.3341385693434624,-148.8159549371668,10.235170717586842,7.247016388579905,-0.2455,-0.9632,0.0892,0.0632,0
2137083.0,492.490775,1.0,-0.55,5.13,-7.97,0.25,-32.5,25.25,-18.19,20.37,10.69,0.060237189341973696,0.63890427851238,0.3341385693434624,-148.8159549371668,10.235170717586842,7.247016388579905,-0.2455,-0.9632,0.0892,0.0632,0
2137118.0,492.49383,1.0,-0.37,5.06,-8.02,0.25,-32.5,25.25,-15.63,22.19,8.63,0.1322503591055377,0.43595523872913766,0.3275491527497145,-148.1827256280383,10.338720083250598,6.409008932036036,-0.2529,-0.9617,0.0901,0.0559,0
2137118.0,492.49383,1.0,-0.37,5.06,-8.02,0.25,-32.5,25.25,-15.63,22.19,8.63,0.1322503591055377,0.43595523872913766,0.3275491527497145,-148.1827256280383,10.338720083250598,6.409008932036036,-0.2529,-0.9617,0.0901,0.0559,0
2137151.0,492.535596,1.0,-0.42,4.86,-7.99,-0.5,-32.88,23.25,-17.5,23.81,10.25,-0.026634006807289473,0.12265719921398155,0.44607598762435074,-147.52054122823532,10.442277914805903,5.491036825631306,-0.2598,-0.9601,0.091,0.0479,0
2137151.0,492.535596,1.0,-0.42,4.86,-7.99,-0.5,-32.88,23.25,-17.5,23.81,10.25,-0.026634006807289473,0.12265719921398155,0.44607598762435074,-147.52054122823532,10.442277914805903,5.491036825631306,-0.2598,-0.9601,0.091,0.0479,0
2137188.0,492.60323,1.0,-0.44,5.34,-8.21,-0.5,-32.88,24.06,-25.0,25.0,10.0,-0.19234431787008796,0.26984538341534847,0.008513078501479754,-146.9114591288739,10.430771068314458,4.75691579950709,-0.2667,-0.9586,0.0909,0.0415,0
2137188.0,492.60323,1.0,-0.44,5.34,-8.21,-0.5,-32.88,24.06,-25.0,25.0,10.0,-0.19234431787008796,0.26984538341534847,0.008513078501479754,-146.9114591288739,10.430771068314458,4.75691579950709,-0.2667,-0.9586,0.0909,0.0415,0
2137223.0,492.613042,1.0,-0.25,5.34,-8.41,-0.5,-32.88,24.06,-15.31,30.25,7.31,-0.10000080938997968,0.080273822810073,-0.15777451682448174,-146.39227073603635,10.419264327291232,3.9656594656748365,-0.2723,-0.9573,0.0908,0.0346,0
2137223.0,492.613042,1.0,-0.25,5.34,-8.41,-0.5,-32.88,24.06,-15.31,30.25,7.31,-0.10000080938997968,0.080273822810073,-0.15777451682448174,-146.39227073603635,10.419264327291232,3.9656594656748365,-0.2723,-0.9573,0.0908,0.0346,0
2137257.0,492.63361,1.0,0.19,5.7,-9.03,-2.38,-33.25,23.25,-16.31,22.75,12.81,0.16618004325714608,-0.004990939381538606,-0.8722712603027976,-145.76376947074462,10.545844298925708,2.910938660030132,-0.2783,-0.9557,0.0919,0.0254,0
2137257.0,492.63361,1.0,0.19,5.7,-9.03,-2.38,-33.25,23.25,-16.31,22.75,12.81,0.16618004325714608,-0.004990939381538606,-0.8722712603027976,-145.76376947074462,10.545844298925708,2.910938660030132,-0.2783,-0.9557,0.0919,0.0254,0
2137292.0,492.662008,1.0,-0.24,5.88,-8.86,-2.69,-34.38,22.0,-20.31,20.62,6.13,-0.42907577901905053,-0.013814369223059675,-0.8210168718520805,-145.03166189361892,10.580368342525214,2.1200647857418087,-0.2853,-0.9538,0.0922,0.0185,0
2137292.0,492.662008,1.0,-0.24,5.88,-8.86,-2.69,-34.38,22.0,-20.31,20.62,6.13,-0.42907577901905053,-0.013814369223059675,-0.8210168718520805,-145.03166189361892,10.580368342525214,2.1200647857418087,-0.2853,-0.9538,0.0922,0.0185,0
2137329.0,492.72479,1.0,-0.03,6.19,-9.0,-4.19,-34.38,22.37,-17.19,16.44,0.69,-0.3326464565322385,0.0798695820858435,-1.1112237483455996,-144.50157885257724,10.48830635783265,1.638715147453804,-0.2905,-0.9524,0.0914,0.0143,0
2137329.0,492.72479,1.0,-0.03,6.19,-9.0,-4.19,-34.38,22.37,-17.19,16.44,0.69,-0.3326464565322385,0.0798695820858435,-1.1112237483455996,-144.50157885257724,10.48830635783265,1.638715147453804,-0.2905,-0.9524,0.0914,0.0143,0
2137362.0,492.743131,1.0,0.0,5.84,-9.01,-4.19,-34.38,22.37,-3.06,15.13,0.44,-0.32375804871960756,-0.2601524965450044,-0.922432039225475,-144.31411111967859,10.315708384533187,1.1230152546764245,-0.2927,-0.9519,0.0899,0.0098,0
2137362.0,492.743131,1.0,0.0,5.84,-9.01,-4.19,-34.38,22.37,-3.06,15.13,0.44,-0.32375804871960756,-0.2601524965450044,-0.922432039225475,-144.31411111967859,10.315708384533187,1.1230152546764245,-0.2927,-0.9519,0.0899,0.0098,0
2137399.0,492.784873,1.0,0.0,5.64,-9.07,-4.56,-34.75,21.19,-8.5,16.75,0.94,-0.35976743441130155,-0.497141738379558,-0.856272558337281,-144.1648201843402,10.235170717586842,0.6760941207657828,-0.2943,-0.9515,0.0892,0.0059,0
2137399.0,492.784873,1.0,0.0,5.64,-9.07,-4.56,-34.75,21.19,-8.5,16.75,0.94,-0.35976743441130155,-0.497141738379558,-0.856272558337281,-144.1648201843402,10.235170717586842,0.6760941207657828,-0.2943,-0.9515,0.0892,0.0059,0
2137436.0,492.791737,1.0,0.59,6.03,-9.52,-4.19,-35.5,21.56,-10.13,9.69,1.94,0.11793197163832866,-0.4125860779370538,-1.4696643259824942,-143.83109490597238,10.14313387414705,0.26356081813331494,-0.2975,-0.9506,0.0884,0.0023,0
2137436.0,492.791737,1.0,0.59,6.03,-9.52,-4.19,-35.5,21.56,-10.13,9.69,1.94,0.11793197163832866,-0.4125860779370538,-1.4696643259824942,-143.83109490597238,10.14313387414705,0.26356081813331494,-0.2975,-0.9506,0.0884,0.0023,0
2137468.0,492.8511,1.0,0.17,5.2,-8.83,-4.19,-35.5,21.56,1.0,3.56,-3.0,-0.1992220578383916,-0.740075457598536,-0.413447792522879,-143.97904817901195,10.062607019364435,0.2406424508273681,-0.2964,-0.951,0.0877,0.0021,0
2137468.0,492.8511,1.0,0.17,5.2,-8.83,-4.19,-35.5,21.56,1.0,3.56,-3.0,-0.1992220578383916,-0.740075457598536,-0.413447792522879,-143.97904817901195,10.062607019364435,0.2406424508273681,-0.2964,-0.951,0.0877,0.0021,0
2137503.0,492.906631,1.0,0.18,5.83,-8.99,-3.88,-35.06,21.19,-10.63,0.69,1.19,-0.2868042311258375,-0.3863394596192409,-0.8989506442865913,-143.64697188895283,9.970582425862728,0.1718874029970642,-0.2994,-0.9501,0.0869,0.0015,0
2137503.0,492.906631,1.0,0.18,5.83,-8.99,-3.88,-35.06,21.19,-10.63,0.69,1.19,-0.2868042311258375,-0.3863394596192409,-0.8989506442865913,-143.64697188895283,9.970582425862728,0.1718874029970642,-0.2994,-0.9501,0.0869,0.0015,0
2137538.0,492.914597,1.0,0.14,6.04,-8.67,-4.19,-35.06,22.75,-3.56,-5.38,-0.56,-0.35637395705639463,-0.06891636412672852,-0.7545217218066043,-143.5003197378201,9.982085146289721,0.28647919598176924,-0.3007,-0.9497,0.087,0.0025,0
2137538.0,492.914597,1.0,0.14,6.04,-8.67,-4.19,-35.06,22.75,-3.56,-5.38,-0.56,-0.35637395705639463,-0.06891636412672852,-0.7545217218066043,-143.5003197378201,9.982085146289721,0.28647919598176924,-0.3007,-0.9497,0.087,0.0025,0
2137575.0,492.971876,1.0,0.23,5.63,-8.52,-4.19,-35.06,22.75,7.94,-3.0,-0.81,-0.19101019620036153,-0.2594554478739681,-0.4029728125977332,-143.72051272987528,10.028097037556812,0.4239897358038088,-0.299,-0.9503,0.0874,0.0037,0
2137575.0,492.971876,1.0,0.23,5.63,-8.52,-4.19,-35.06,22.75,7.94,-3.0,-0.81,-0.19101019620036153,-0.2594554478739681,-0.4029728125977332,-143.72051272987528,10.028097037556812,0.4239897358038088,-0.299,-0.9503,0.0874,0.0037,0
2137608.0,492.99006,1.0,0.32,5.26,-8.27,-5.0,-34.75,21.56,-1.88,2.69,0.5,-0.06190904837250516,-0.3930479952392183,0.008457281790786197,-143.7573372230702,10.005090889774307,0.3896120513439707,-0.2986,-0.9504,0.0872,0.0034,0
2137608.0,492.99006,1.0,0.32,5.26,-8.27,-5.0,-34.75,21.56,-1.88,2.69,0.5,-0.06190904837250516,-0.3930479952392183,0.008457281790786197,-143.7573372230702,10.005090889774307,0.3896120513439707,-0.2986,-0.9504,0.0872,0.0034,0
2137643.0,493.035271,1.0,0.67,5.78,-8.78,-4.56,-35.06,20.75,-12.0,-2.75,7.25,0.22749523681312722,-0.27033663500882676,-0.720498902765625,-143.3178010626215,10.235170717586842,0.4239897358038088,-0.3016,-0.9492,0.0892,0.0037,0
2137643.0,493.035271,1.0,0.67,5.78,-8.78,-4.56,-35.06,20.75,-12.0,-2.75,7.25,0.22749523681312722,-0.27033663500882676,-0.720498902765625,-143.3178010626215,10.235170717586842,0.4239897358038088,-0.3016,-0.9492,0.0892,0.0037,0
2137679.0,493.053524,1.0,-0.06,5.88,-7.77,-4.19,-35.06,20.75,9.25,-16.81,-4.44,-0.4974615401998781,0.289408360333105,0.07938549156848929,-143.42720670361226,10.361732200036482,0.9282017781870658,-0.3005,-0.9495,0.0903,0.0081,0
2137679.0,493.053524,1.0,-0.06,5.88,-7.77,-4.19,-35.06,20.75,9.25,-16.81,-4.44,-0.4974615401998781,0.289408360333105,0.07938549156848929,-143.42720670361226,10.361732200036482,0.9282017781870658,-0.3005,-0.9495,0.0903,0.0081,0
2137714.0,493.095399,1.0,-0.06,5.31,-8.37,-4.19,-35.06,20.75,19.06,-4.81,-7.38,-0.31774785670004047,-0.38822504929040447,-0.093093310342244,-144.1275913572786,10.189151472083806,1.2032334798806035,-0.2949,-0.9514,0.0888,0.0105,0
2137714.0,493.095399,1.0,-0.06,5.31,-8.37,-4.19,-35.06,20.75,19.06,-4.81,-7.38,-0.31774785670004047,-0.38822504929040447,-0.093093310342244,-144.1275913572786,10.189151472083806,1.2032334798806035,-0.2949,-0.9514,0.0888,0.0105,0
2137749.0,493.154406,1.0,0.23,5.71,-9.07,-4.19,-35.06,21.19,5.5,-10.56,-1.63,-0.023837994662908243,-0.34945392227556393,-0.907789495662696,-144.35152835071236,10.212160888414617,1.3636717386286215,-0.2925,-0.952,0.089,0.0119,0
2137749.0,493.154406,1.0,0.23,5.71,-9.07,-4.19,-35.06,21.19,5.5,-10.56,-1.63,-0.023837994662908243,-0.34945392227556393,-0.907789495662696,-144.35152835071236,10.212160888414617,1.3636717386286215,-0.2925,-0.952,0.089,0.0119,0
2137786.0,493.161236,1.0,0.1,5.66,-8.96,-3.5,-35.06,21.56,12.94,-13.5,-6.06,-0.06349634171288368,-0.25060192062761244,-0.7886492827936156,-144.841458151918,10.10862175233956,1.8793858210517667,-0.2883,-0.9533,0.0881,0.0164,0
2137786.0,493.161236,1.0,0.1,5.66,-8.96,-3.5,-35.06,21.56,12.94,-13.5,-6.06,-0.06349634171288368,-0.25060192062761244,-0.7886492827936156,-144.841458151918,10.10862175233956,1.8793858210517667,-0.2883,-0.9533,0.0881,0.0164,0
2137821.0,493.2202,1.0,-0.26,5.49,-8.73,-3.5,-35.06,21.56,15.13,-16.62,-4.88,-0.34043791251242717,-0.22811070101017394,-0.50124345772495,-145.29964361056955,10.14313387414705,2.337829975144579,-0.2839,-0.9545,0.0884,0.0204,0
2137821.0,493.2202,1.0,-0.26,5.49,-8.73,-3.5,-35.06,21.56,15.13,-16.62,-4.88,-0.34043791251242717,-0.22811070101017394,-0.50124345772495,-145.29964361056955,10.14313387414705,2.337829975144579,-0.2839,-0.9545,0.0884,0.0204,0
2137853.0,493.23726,1.0,0.04,5.54,-9.06,-4.19,-34.75,22.0,16.56,-18.62,-5.75,0.0860968174637727,-0.17405743423578812,-0.8112166099932647,-145.91984007134727,10.166142467644526,3.025568677774776,-0.2782,-0.9561,0.0886,0.0264,0
2137853.0,493.23726,1.0,0.04,5.54,-9.06,-4.19,-34.75,22.0,16.56,-18.62,-5.75,0.0860968174637727,-0.17405743423578812,-0.8112166099932647,-145.91984007134727,10.166142467644526,3.025568677774776,-0.2782,-0.9561,0.0886,0.0264,0
2137890.0,493.282094,1.0,-0.27,5.51,-8.47,-3.06,-34.0,22.0,18.56,-28.87,-5.06,-0.1607138510028893,0.17640990021156489,-0.2986431973893353,-146.39227073603635,10.258180960550504,3.782208130568333,-0.2728,-0.9573,0.0894,0.033,0
2137890.0,493.282094,1.0,-0.27,5.51,-8.47,-3.06,-34.0,22.0,18.56,-28.87,-5.06,-0.1607138510028893,0.17640990021156489,-0.2986431973893353,-146.39227073603635,10.258180960550504,3.782208130568333,-0.2728,-0.9573,0.0894,0.033,0
2137925.0,493.303257,1.0,-0.29,5.16,-8.78,-3.06,-34.75,24.06,21.56,-19.75,-11.38,0.04746391932707375,-0.11042859112069436,-0.3807762059965487,-147.15377378773437,10.14313387414705,4.6536963885673295,-0.2654,-0.9592,0.0884,0.0406,0
2137925.0,493.303257,1.0,-0.29,5.16,-8.78,-3.06,-34.75,24.06,21.56,-19.75,-11.38,0.04746391932707375,-0.11042859112069436,-0.3807762059965487,-147.15377378773437,10.14313387414705,4.6536963885673295,-0.2654,-0.9592,0.0884,0.0406,0
2137960.0,493.358042,1.0,-0.51,4.76,-8.58,-3.06,-34.75,24.06,29.56,-27.12,-8.69,-0.029109841802329617,-0.22993322536064564,-0.015792839181376195,-147.89138385145154,10.10862175233956,5.364844561963228,-0.258,-0.961,0.0881,0.0468,0
2137960.0,493.358042,1.0,-0.51,4.76,-8.58,-3.06,-34.75,24.06,29.56,-27.12,-8.69,-0.029109841802329617,-0.22993322536064564,-0.015792839181376195,-147.89138385145154,10.10862175233956,5.364844561963228,-0.258,-0.961,0.0881,0.0468,0
2137997.0,493.379107,1.0,-0.56,4.94,-8.78,-1.56,-33.25,23.69,25.25,-21.62,-8.25,0.04824440912555372,0.020692355060050183,-0.28308955577795025,-148.7733502639536,10.062607019364435,6.2024314124588535,-0.2487,-0.9631,0.0877,0.0541,0
2137997.0,493.379107,1.0,-0.56,4.94,-8.78,-1.56,-33.25,23.69,25.25,-21.62,-8.25,0.04824440912555372,0.020692355060050183,-0.28308955577795025,-148.7733502639536,10.062607019364435,6.2024314124588535,-0.2487,-0.9631,0.0877,0.0541,0
2138032.0,493.433347,1.0,-0.54,4.72,-8.72,-1.56,-33.56,24.5,30.19,-17.06,-13.63,0.16858163271122975,0.026417067876371103,-0.12206000541547013,-149.50552295905456,9.936074868420336,6.730393436549607,-0.2411,-0.9648,0.0866,0.0587,0
2138032.0,493.433347,1.0,-0.54,4.72,-8.72,-1.56,-33.56,24.5,30.19,-17.06,-13.63,0.16858163271122975,0.026417067876371103,-0.12206000541547013,-149.50552295905456,9.936074868420336,6.730393436549607,-0.2411,-0.9648,0.0866,0.0587,0
2138066.0,493.452835,1.0,-0.8,3.83,-8.65,-1.56,-33.56,24.5,31.25,-15.06,-8.13,0.10832181730163637,-0.5289027682728817,0.3282572962970267,-150.70506138327715,9.717547848465047,7.3273929502566055,-0.2294,-0.9675,0.0847,0.0639,0
2138066.0,493.452835,1.0,-0.8,3.83,-8.65,-1.56,-33.56,24.5,31.25,-15.06,-8.13,0.10832181730163637,-0.5289027682728817,0.3282572962970267,-150.70506138327715,9.717547848465047,7.3273929502566055,-0.2294,-0.9675,0.0847,0.0639,0
2138101.0,493.500609,1.0,-0.91,4.32,-8.74,-0.06,-32.06,26.06,14.56,-15.31,-1.12,0.0029449445305754496,-0.04952687596265015,0.015039386017281942,-151.16170585731885,9.752049739225924,7.717845476549469,-0.2242,-0.9685,0.085,0.0673,0
2138101.0,493.500609,1.0,-0.91,4.32,-8.74,-0.06,-32.06,26.06,14.56,-15.31,-1.12,0.0029449445305754496,-0.04952687596265015,0.015039386017281942,-151.16170585731885,9.752049739225924,7.717845476549469,-0.2242,-0.9685,0.085,0.0673,0
2138138.0,493.522409,1.0,-0.9,4.44,-8.34,0.25,-32.06,26.06,8.19,-11.06,-4.75,0.0005158373608948053,0.3088271053095295,0.3206695260090271,-151.43912137388483,9.752049739225924,8.211782210366408,-0.2203,-0.9691,0.085,0.0716,0
2138138.0,493.522409,1.0,-0.9,4.44,-8.34,0.25,-32.06,26.06,8.19,-11.06,-4.75,0.0005158373608948053,0.3088271053095295,0.3206695260090271,-151.43912137388483,9.752049739225924,8.211782210366408,-0.2203,-0.9691,0.085,0.0716,0
2138173.0,493.578118,1.0,-0.75,4.4,-8.72,0.25,-32.06,26.06,13.5,-9.94,0.25,0.2503552163710482,0.20720277339584658,0.016078552105197375,-151.6255402012684,9.775051491876123,8.441571750266656,-0.2173,-0.9695,0.0852,0.0736,0
2138173.0,493.578118,1.0,-0.75,4.4,-8.72,0.25,-32.06,26.06,13.5,-9.94,0.25,0.2503552163710482,0.20720277339584658,0.016078552105197375,-151.6255402012684,9.775051491876123,8.441571750266656,-0.2173,-0.9695,0.0852,0.0736,0
2138206.0,493.599799,1.0,-0.97,4.68,-8.88,0.25,-31.37,26.87,22.12,-23.87,-1.25,0.11473574403963907,0.46923918498438155,-0.2663014193365818,-151.9546930927713,10.039600263356236,9.09666171745326,-0.2116,-0.9702,0.0875,0.0793,0
2138206.0,493.599799,1.0,-0.97,4.68,-8.88,0.25,-31.37,26.87,22.12,-23.87,-1.25,0.11473574403963907,0.46923918498438155,-0.2663014193365818,-151.9546930927713,10.039600263356236,9.09666171745326,-0.2116,-0.9702,0.0875,0.0793,0
2138243.0,493.604705,1.0,-1.28,3.77,-8.45,1.37,-31.0,26.56,24.25,-15.38,-7.81,-0.07724692829120736,-0.10027139294815912,0.466533375469778,-152.52794284369597,9.970582425862728,9.591048446078224,-0.2047,-0.9714,0.0869,0.0836,0
2138243.0,493.604705,1.0,-1.28,3.77,-8.45,1.37,-31.0,26.56,24.25,-15.38,-7.81,-0.07724692829120736,-0.10027139294815912,0.466533375469778,-152.52794284369597,9.970582425862728,9.591048446078224,-0.2047,-0.9714,0.0869,0.0836,0
2138277.0,493.652607,1.0,-1.35,4.43,-8.93,1.37,-30.56,27.37,7.75,-16.69,-2.88,-0.055204485762821165,0.379758803540557,-0.245465982015185,-152.67309729035,9.970582425862728,10.131629731204741,-0.2009,-0.9717,0.0869,0.0883,0
2138277.0,493.652607,1.0,-1.35,4.43,-8.93,1.37,-30.56,27.37,7.75,-16.69,-2.88,-0.055204485762821165,0.379758803540557,-0.245465982015185,-152.67309729035,9.970582425862728,10.131629731204741,-0.2009,-0.9717,0.0869,0.0883,0
2138312.0,493.725654,1.0,-1.66,4.04,-8.83,1.37,-30.56,27.37,24.69,-12.75,-7.94,-0.25099572929647895,0.16224132702578897,-0.04001333819125996,-153.3110465719337,9.890066196362191,10.64941932234672,-0.1932,-0.973,0.0862,0.0928,0
2138312.0,493.725654,1.0,-1.66,4.04,-8.83,1.37,-30.56,27.37,24.69,-12.75,-7.94,-0.25099572929647895,0.16224132702578897,-0.04001333819125996,-153.3110465719337,9.890066196362191,10.64941932234672,-0.1932,-0.973,0.0862,0.0928,0
2138349.0,493.746978,1.0,-1.26,3.57,-9.35,1.75,-30.25,27.37,19.62,-7.94,-7.69,0.34107391021276523,-0.2417595268981627,-0.27205135081529797,-153.8627830260387,9.729048380447907,10.879617409371034,-0.1871,-0.9741,0.0848,0.0948,0
2138349.0,493.746978,1.0,-1.26,3.57,-9.35,1.75,-30.25,27.37,19.62,-7.94,-7.69,0.34107391021276523,-0.2417595268981627,-0.27205135081529797,-153.8627830260387,9.729048380447907,10.879617409371034,-0.1871,-0.9741,0.0848,0.0948,0
2138384.0,493.811599,1.0,-1.58,3.94,-8.76,2.88,-29.5,26.87,18.37,-21.31,-1.5,-0.0788224151420357,0.32628768948560705,0.07808775419197289,-154.0662728728033,9.683046840720888,11.31711591010567,-0.1829,-0.9745,0.0844,0.0986,0
2138384.0,493.811599,1.0,-1.58,3.94,-8.76,2.88,-29.5,26.87,18.37,-21.31,-1.5,-0.0788224151420357,0.32628768948560705,0.07808775419197289,-154.0662728728033,9.683046840720888,11.31711591010567,-0.1829,-0.9745,0.0844,0.0986,0
2138419.0,493.816003,1.0,-1.71,3.24,-9.02,2.88,-29.5,26.87,24.12,-11.75,-5.44,0.015375634002342486,-0.25007118831754904,0.07426447585164375,-154.63414056108863,9.740549010662079,11.858462221253813,-0.1739,-0.9756,0.0849,0.1033,0
2138419.0,493.816003,1.0,-1.71,3.24,-9.02,2.88,-29.5,26.87,24.12,-11.75,-5.44,0.015375634002342486,-0.25007118831754904,0.07426447585164375,-154.63414056108863,9.740549010662079,11.858462221253813,-0.1739,-0.9756,0.0849,0.1033,0
2138454.0,493.8661,1.0,-1.26,3.68,-9.26,3.25,-29.06,26.87,13.75,-15.06,-4.94,0.5269599852521113,0.2966287220531483,-0.2189135539951632,-155.0021140741398,9.591048446078224,12.365495103087909,-0.1681,-0.9763,0.0836,0.1077,0
2138454.0,493.8661,1.0,-1.26,3.68,-9.26,3.25,-29.06,26.87,13.75,-15.06,-4.94,0.5269599852521113,0.2966287220531483,-0.2189135539951632,-155.0021140741398,9.591048446078224,12.365495103087909,-0.1681,-0.9763,0.0836,0.1077,0
2138490.0,493.887613,1.0,-2.14,3.1,-8.41,3.56,-27.56,28.56,28.06,-24.69,-2.19,-0.3676153496900696,-0.026476447639189216,0.5989435563522285,-155.214797761141,9.694547078719877,12.976563032466053,-0.1613,-0.9767,0.0845,0.113,0
2138490.0,493.887613,1.0,-2.14,3.1,-8.41,3.56,-27.56,28.56,28.06,-24.69,-2.19,-0.3676153496900696,-0.026476447639189216,0.5989435563522285,-155.214797761141,9.694547078719877,12.976563032466053,-0.1613,-0.9767,0.0845,0.113,0
2138525.0,493.892375,1.0,-2.16,2.58,-8.46,3.56,-27.56,28.56,21.31,-14.88,-6.06,-0.2281348540004322,-0.38430984641023325,0.7130335340200116,-155.591382770185,9.660046657878475,13.564921674838885,-0.1536,-0.9774,0.0842,0.1181,0
2138525.0,493.892375,1.0,-2.16,2.58,-8.46,3.56,-27.56,28.56,21.31,-14.88,-6.06,-0.2281348540004322,-0.38430984641023325,0.7130335340200116,-155.591382770185,9.660046657878475,13.564921674838885,-0.1536,-0.9774,0.0842,0.1181,0
2138560.0,493.941309,1.0,-1.9,2.79,-8.57,4.0,-28.37,28.56,7.5,-8.94,-2.69,0.06211904148885396,-0.11000609379292925,0.5967075526221137,-155.7000338840449,9.60254790532585,13.84191973651236,-0.1508,-0.9776,0.0837,0.1205,0
2138560.0,493.941309,1.0,-1.9,2.79,-8.57,4.0,-28.37,28.56,7.5,-8.94,-2.69,0.06211904148885396,-0.11000609379292925,0.5967075526221137,-155.7000338840449,9.60254790532585,13.84191973651236,-0.1508,-0.9776,0.0837,0.1205,0
2138595.0,493.958915,1.0,-1.91,2.98,-8.56,4.38,-27.25,28.56,12.5,-8.69,11.13,0.04515482705282893,0.1336255826984527,0.5447816547230975,-155.7000338840449,10.01659391306903,14.072813487232235,-0.147,-0.9776,0.0873,0.1225,0
2138595.0,493.958915,1.0,-1.91,2.98,-8.56,4.38,-27.25,28.56,12.5,-8.69,11.13,0.04515482705282893,0.1336255826984527,0.5447816547230975,-155.7000338840449,10.01659391306903,14.072813487232235,-0.147,-0.9776,0.0873,0.1225,0
2138632.0,494.015148,1.0,-1.57,2.81,-8.79,4.06,-26.87,28.69,-3.75,-11.0,12.81,0.47214262295990267,-0.007313447888226854,0.4577394828828041,-155.48320588867858,10.384744735841709,14.246021440356781,-0.1463,-0.9772,0.0905,0.124,0
2138632.0,494.015148,1.0,-1.57,2.81,-8.79,4.06,-26.87,28.69,-3.75,-11.0,12.81,0.47214262295990267,-0.007313447888226854,0.4577394828828041,-155.48320588867858,10.384744735841709,14.246021440356781,-0.1463,-0.9772,0.0905,0.124,0
2138664.0,494.067171,1.0,-1.77,3.32,-8.64,4.06,-26.87,28.69,-3.88,-20.12,16.0,0.23997228769156506,0.43295128384194315,0.39602480892158276,-154.73873772257048,11.063807546045702,14.788953503219902,-0.1479,-0.9758,0.0964,0.1287,0
2138664.0,494.067171,1.0,-1.77,3.32,-8.64,4.06,-26.87,28.69,-3.88,-20.12,16.0,0.23997228769156506,0.43295128384194315,0.39602480892158276,-154.73873772257048,11.063807546045702,14.788953503219902,-0.1479,-0.9758,0.0964,0.1287,0
2138701.0,494.074659,1.0,-2.09,2.82,-8.35,4.5,-26.75,29.06,7.81,-9.81,8.31,-0.031139345802495416,-0.014970313796436985,0.748956793070997,-154.52996593229264,11.351662230904266,15.089441590206313,-0.1468,-0.9754,0.0989,0.1313,0
2138701.0,494.074659,1.0,-2.09,2.82,-8.35,4.5,-26.75,29.06,7.81,-9.81,8.31,-0.031139345802495416,-0.014970313796436985,0.748956793070997,-154.52996593229264,11.351662230904266,15.089441590206313,-0.1468,-0.9754,0.0989,0.1313,0
2138738.0,494.136995,1.0,-2.14,2.63,-8.38,4.88,-27.19,28.69,-0.37,-8.94,15.75,-0.017947496598183746,-0.21021206845971419,0.7691509668802823,-154.27134430279997,11.835420883076138,15.29753283007483,-0.1462,-0.9749,0.1031,0.1331,0
2138738.0,494.136995,1.0,-2.14,2.63,-8.38,4.88,-27.19,28.69,-0.37,-8.94,15.75,-0.017947496598183746,-0.21021206845971419,0.7691509668802823,-154.27134430279997,11.835420883076138,15.29753283007483,-0.1462,-0.9749,0.1031,0.1331,0
2138771.0,494.187322,1.0,-2.36,2.8,-8.19,4.88,-27.19,28.69,-1.94,-13.75,16.62,-0.2678509852538786,-0.07174954017272461,0.839554157243354,-153.76161968319718,12.377021364647927,15.621331474060083,-0.1465,-0.9739,0.1078,0.1359,0
2138771.0,494.187322,1.0,-2.36,2.8,-8.19,4.88,-27.19,28.69,-1.94,-13.75,16.62,-0.2678509852538786,-0.07174954017272461,0.839554157243354,-153.76161968319718,12.377021364647927,15.621331474060083,-0.1465,-0.9739,0.1078,0.1359,0
2138806.0,494.203265,1.0,-2.43,3.06,-8.64,5.56,-25.69,28.25,0.19,-5.06,14.81,-0.23009245232415096,0.0070711158315044376,0.3269291463722759,-153.36074062083046,12.792051445699698,15.748572284340511,-0.1476,-0.9731,0.1114,0.137,0
2138806.0,494.203265,1.0,-2.43,3.06,-8.64,5.56,-25.69,28.25,0.19,-5.06,14.81,-0.23009245232415096,0.0070711158315044376,0.3269291463722759,-153.36074062083046,12.792051445699698,15.748572284340511,-0.1476,-0.9731,0.1114,0.137,0
2138841.0,494.22196,1.0,-2.09,2.74,-9.14,4.06,-27.19,28.69,-3.88,-5.69,15.38,0.2952902609832907,-0.35379570447449216,0.0494510032969071,-153.11317220133924,13.2187858542384,15.7832777083714,-0.1483,-0.9726,0.1151,0.1373,0
2138841.0,494.22196,1.0,-2.09,2.74,-9.14,4.06,-27.19,28.69,-3.88,-5.69,15.38,0.2952902609832907,-0.35379570447449216,0.0494510032969071,-153.11317220133924,13.2187858542384,15.7832777083714,-0.1483,-0.9726,0.1151,0.1373,0
2138877.0,494.27057,1.0,-2.27,3.17,-8.75,4.06,-26.75,29.5,-2.5,-7.06,18.37,-0.040806654542821424,0.04939387387608618,0.22749580653549728,-152.47972490837182,13.911181889055525,16.026256661631813,-0.1501,-0.9713,0.1211,0.1394,0
2138877.0,494.27057,1.0,-2.27,3.17,-8.75,4.06,-26.75,29.5,-2.5,-7.06,18.37,-0.040806654542821424,0.04939387387608618,0.22749580653549728,-152.47972490837182,13.911181889055525,16.026256661631813,-0.1501,-0.9713,0.1211,0.1394,0
2138912.0,494.289624,1.0,-2.35,3.11,-8.82,4.06,-26.75,29.5,-0.44,-1.94,18.62,-0.08529303852407061,-0.06921767928321021,0.16429893760582814,-152.09692309623645,14.4770163518288,16.072546557241566,-0.1505,-0.9705,0.126,0.1398,0
2138912.0,494.289624,1.0,-2.35,3.11,-8.82,4.06,-26.75,29.5,-0.44,-1.94,18.62,-0.08529303852407061,-0.06921767928321021,0.16429893760582814,-152.09692309623645,14.4770163518288,16.072546557241566,-0.1505,-0.9705,0.126,0.1398,0
2138949.0,494.333467,1.0,-1.89,3.36,-9.24,3.69,-26.37,29.06,-6.44,-10.69,17.5,0.4283011080146848,0.12303335005714833,-0.19538584055001706,-151.48561418277666,15.1934809103634,16.17670848781425,-0.153,-0.9692,0.1322,0.1407,0
2138949.0,494.333467,1.0,-1.89,3.36,-9.24,3.69,-26.37,29.06,-6.44,-10.69,17.5,0.4283011080146848,0.12303335005714833,-0.19538584055001706,-151.48561418277666,15.1934809103634,16.17670848781425,-0.153,-0.9692,0.1322,0.1407,0
2138984.0,494.392267,1.0,-2.2,3.22,-8.77,3.38,-27.5,29.5,4.25,-16.0,18.81,0.062147370150866243,0.018167333719749212,0.20888423642935372,-150.9782044157604,15.760140597334962,16.489275388774946,-0.1528,-0.9681,0.1371,0.1434,0
2138984.0,494.392267,1.0,-2.2,3.22,-8.77,3.38,-27.5,29.5,4.25,-16.0,18.81,0.062147370150866243,0.018167333719749212,0.20888423642935372,-150.9782044157604,15.760140597334962,16.489275388774946,-0.1528,-0.9681,0.1371,0.1434,0
2139019.0,494.400432,1.0,-2.57,2.95,-8.1,3.38,-27.5,29.5,-6.56,-5.13,21.25,-0.3973567393792141,-0.19990925021836903,0.822244404004957,-150.2999543864518,16.628233533749977,16.81354941000451,-0.1531,-0.9666,0.1446,0.1462,0
2139019.0,494.400432,1.0,-2.57,2.95,-8.1,3.38,-27.5,29.5,-6.56,-5.13,21.25,-0.3973567393792141,-0.19990925021836903,0.822244404004957,-150.2999543864518,16.628233533749977,16.81354941000451,-0.1531,-0.9666,0.1446,0.1462,0
2139054.0,494.460013,1.0,-2.22,3.16,-8.23,3.38,-27.5,27.87,-6.38,11.56,21.5,-0.14954899152399825,-0.023850871774101945,0.7168773826541823,-149.85607839466778,17.32339805412093,16.408227758317484,-0.1569,-0.9656,0.1506,0.1427,0
2139054.0,494.460013,1.0,-2.22,3.16,-8.23,3.38,-27.5,27.87,-6.38,11.56,21.5,-0.14954899152399825,-0.023850871774101945,0.7168773826541823,-149.85607839466778,17.32339805412093,16.408227758317484,-0.1569,-0.9656,0.1506,0.1427,0
2139090.0,494.477018,1.0,-1.92,3.38,-7.98,4.06,-27.19,28.25,-11.0,14.56,28.0,-0.08880733516277281,0.2514045438297081,0.9342146515422236,-149.50552295905456,17.868391355752117,15.898972996932857,-0.1606,-0.9648,0.1553,0.1383,0
2139090.0,494.477018,1.0,-1.92,3.38,-7.98,4.06,-27.19,28.25,-11.0,14.56,28.0,-0.08880733516277281,0.2514045438297081,0.9342146515422236,-149.50552295905456,17.868391355752117,15.898972996932857,-0.1606,-0.9648,0.1553,0.1383,0
2139125.0,494.480245,1.0,-2.08,3.9,-7.7,4.06,-27.19,28.25,-10.38,11.44,23.94,-0.5252152495806843,0.630165667220407,0.966206562396625,-149.02983560319493,18.49505809550988,15.470980940849387,-0.1652,-0.9637,0.1607,0.1346,0
2139125.0,494.480245,1.0,-2.08,3.9,-7.7,4.06,-27.19,28.25,-10.38,11.44,23.94,-0.5252152495806843,0.630165667220407,0.966206562396625,-149.02983560319493,18.49505809550988,15.470980940849387,-0.1652,-0.9637,0.1607,0.1346,0
2139160.0,494.525012,1.0,-1.95,3.61,-7.95,2.19,-27.19,28.69,-8.31,24.12,21.75,-0.38205444337468086,0.242447669034479,0.871754727526044,-148.7733502639536,19.157145947707967,14.638747929971785,-0.1691,-0.9631,0.1664,0.1274,0
2139160.0,494.525012,1.0,-1.95,3.61,-7.95,2.19,-27.19,28.69,-8.31,24.12,21.75,-0.38205444337468086,0.242447669034479,0.871754727526044,-148.7733502639536,19.157145947707967,14.638747929971785,-0.1691,-0.9631,0.1664,0.1274,0
2139195.0,494.592766,1.0,-1.55,3.64,-8.47,1.5,-27.87,28.69,-9.69,29.25,20.19,-0.04128607188139627,0.12143758472540944,0.4591076292329781,-148.5189029496625,19.691932497848978,13.507223821905175,-0.1748,-0.9625,0.171,0.1176,0
2139195.0,494.592766,1.0,-1.55,3.64,-8.47,1.5,-27.87,28.69,-9.69,29.25,20.19,-0.04128607188139627,0.12143758472540944,0.4591076292329781,-148.5189029496625,19.691932497848978,13.507223821905175,-0.1748,-0.9625,0.171,0.1176,0
2139232.0,494.609748,1.0,-1.7,3.83,-8.23,0.0,-27.87,29.5,-15.63,27.44,19.12,-0.4134052437350257,0.18590470871328546,0.5824245287893852,-148.2245582580313,20.075850034388896,12.745928771149693,-0.1797,-0.9618,0.1743,0.111,0
2139232.0,494.609748,1.0,-1.7,3.83,-8.23,0.0,-27.87,29.5,-15.63,27.44,19.12,-0.4134052437350257,0.18590470871328546,0.5824245287893852,-148.2245582580313,20.075850034388896,12.745928771149693,-0.1797,-0.9618,0.1743,0.111,0
2139267.0,494.654655,1.0,-1.61,3.98,-8.69,0.0,-27.87,29.5,-18.69,35.5,17.87,-0.43075929818840036,0.00047379601110031366,0.1235179549155383,-147.80861501075393,20.436707276203283,11.489857897732717,-0.1884,-0.9608,0.1774,0.1001,0
2139267.0,494.654655,1.0,-1.61,3.98,-8.69,0.0,-27.87,29.5,-18.69,35.5,17.87,-0.43075929818840036,0.00047379601110031366,0.1235179549155383,-147.80861501075393,20.436707276203283,11.489857897732717,-0.1884,-0.9608,0.1774,0.1001,0
2139301.0,494.716931,1.0,-0.75,4.27,-9.2,-0.37,-28.25,27.87,-20.56,29.94,21.69,0.25090696033895205,0.24349188826175006,-0.3576580137117169,-147.35703857325035,20.80942010008858,10.522828803347641,-0.1949,-0.9597,0.1806,0.0917,0
2139301.0,494.716931,1.0,-0.75,4.27,-9.2,-0.37,-28.25,27.87,-20.56,29.94,21.69,0.25090696033895205,0.24349188826175006,-0.3576580137117169,-147.35703857325035,20.80942010008858,10.522828803347641,-0.1949,-0.9597,0.1806,0.0917,0
2139338.0,494.734447,1.0,-1.19,4.41,-8.62,-2.25,-27.87,28.69,-19.0,23.81,13.75,-0.4568612661654352,0.19654049551906816,0.06389630214338027,-146.59103083752737,21.298944377524897,9.706047414595151,-0.2032,-0.9578,0.1848,0.0846,0
2139338.0,494.734447,1.0,-1.19,4.41,-8.62,-2.25,-27.87,28.69,-19.0,23.81,13.75,-0.4568612661654352,0.19654049551906816,0.06389630214338027,-146.59103083752737,21.298944377524897,9.706047414595151,-0.2032,-0.9578,0.1848,0.0846,0
2139373.0,494.778307,1.0,-1.06,4.62,-8.63,-2.25,-27.87,28.69,-21.62,35.75,14.69,-0.5214193257779054,0.25864878379533573,-0.022191370850714875,-146.1552551844325,21.450543092817842,8.843785851491393,-0.2101,-0.9567,0.1861,0.0771,0
2139373.0,494.778307,1.0,-1.06,4.62,-8.63,-2.25,-27.87,28.69,-21.62,35.75,14.69,-0.5214193257779054,0.25864878379533573,-0.022191370850714875,-146.1552551844325,21.450543092817842,8.843785851491393,-0.2101,-0.9567,0.1861,0.0771,0
2139408.0,494.794189,1.0,-0.72,4.4,-8.91,-3.38,-27.87,28.25,-13.19,39.38,17.19,-0.29665346274050336,-0.1040541010827174,-0.15164651431869913,-145.5696464213463,21.858883165817783,7.407773121999346,-0.2178,-0.9552,0.1896,0.0646,0
2139408.0,494.794189,1.0,-0.72,4.4,-8.91,-3.38,-27.87,28.25,-13.19,39.38,17.19,-0.29665346274050336,-0.1040541010827174,-0.15164651431869913,-145.5696464213463,21.858883165817783,7.407773121999346,-0.2178,-0.9552,0.1896,0.0646,0
2139443.0,494.84498,1.0,-0.21,4.58,-8.74,-3.38,-29.75,26.19,-16.06,32.63,17.5,-0.07336651578443598,0.1686497123825914,-0.06119042376420403,-145.1845495539276,22.045646214809633,6.397531862381483,-0.2233,-0.9542,0.1912,0.0558,0
2139443.0,494.84498,1.0,-0.21,4.58,-8.74,-3.38,-29.75,26.19,-16.06,32.63,17.5,-0.07336651578443598,0.1686497123825914,-0.06119042376420403,-145.1845495539276,22.045646214809633,6.397531862381483,-0.2233,-0.9542,0.1912,0.0558,0
2139480.0,494.850932,1.0,-0.11,4.94,-8.67,-5.56,-29.75,26.19,-24.44,28.0,9.38,-0.25404205814246167,0.3044497279531351,-0.16467754430642323,-144.38898361895096,22.19743483976267,5.364844561963228,-0.233,-0.9521,0.1925,0.0468,0
2139480.0,494.850932,1.0,-0.11,4.94,-8.67,-5.56,-29.75,26.19,-24.44,28.0,9.38,-0.25404205814246167,0.3044497279531351,-0.16467754430642323,-144.38898361895096,22.19743483976267,5.364844561963228,-0.233,-0.9521,0.1925,0.0468,0
2139514.0,494.868474,1.0,-0.33,4.98,-8.57,-5.56,-29.75,26.19,-23.37,28.25,7.0,-0.5682421733767714,0.13304814172958457,-0.09353176723934631,-143.83109490597238,22.185757394813148,4.699571210920838,-0.2401,-0.9506,0.1924,0.041,0
2139514.0,494.868474,1.0,-0.33,4.98,-8.57,-5.56,-29.75,26.19,-23.37,28.25,7.0,-0.5682421733767714,0.13304814172958457,-0.09353176723934631,-143.83109490597238,22.185757394813148,4.699571210920838,-0.2401,-0.9506,0.1924,0.041,0
2139551.0,494.912275,1.0,0.02,5.14,-8.75,-7.06,-30.19,27.5,-22.31,29.69,8.88,-0.3756701851140457,0.10317828854521682,-0.3338986120223897,-142.99145809873446,22.337582426465428,3.8853982832056504,-0.2492,-0.9483,0.1937,0.0339,0
2139551.0,494.912275,1.0,0.02,5.14,-8.75,-7.06,-30.19,27.5,-22.31,29.69,8.88,-0.3756701851140457,0.10317828854521682,-0.3338986120223897,-142.99145809873446,22.337582426465428,3.8853982832056504,-0.2492,-0.9483,0.1937,0.0339,0
2139586.0,494.982072,1.0,0.16,5.46,-9.1,-7.5,-30.5,24.19,-22.56,28.37,7.0,-0.3977106950872841,0.07174556108106911,-0.7991917288529429,-142.3824879692619,22.302542365509357,3.1516651995043397,-0.2565,-0.9466,0.1934,0.0275,0
2139586.0,494.982072,1.0,0.16,5.46,-9.1,-7.5,-30.5,24.19,-22.56,28.37,7.0,-0.3977106950872841,0.07174556108106911,-0.7991917288529429,-142.3824879692619,22.302542365509357,3.1516651995043397,-0.2565,-0.9466,0.1934,0.0275,0
2139621.0,495.040035,1.0,0.22,5.02,-9.46,-7.5,-30.5,24.19,-4.06,23.37,6.38,-0.26812523347291695,-0.5706441252814676,-0.8864727497610332,-141.95828650840244,22.302542365509357,2.269061145645111,-0.2618,-0.9454,0.1934,0.0198,0
2139621.0,495.040035,1.0,0.22,5.02,-9.46,-7.5,-30.5,24.19,-4.06,23.37,6.38,-0.26812523347291695,-0.5706441252814676,-0.8864727497610332,-141.95828650840244,22.302542365509357,2.269061145645111,-0.2618,-0.9454,0.1934,0.0198,0
2139654.0,495.056209,1.0,0.55,5.24,-9.87,-8.25,-30.87,25.37,-19.69,20.69,4.56,-0.08594315705145217,-0.6492444233708201,-1.3624186922624801,-141.33038910827102,22.314222150985408,1.569953472031555,-0.2684,-0.9436,0.1935,0.0137,0
2139654.0,495.056209,1.0,0.55,5.24,-9.87,-8.25,-30.87,25.37,-19.69,20.69,4.56,-0.08594315705145217,-0.6492444233708201,-1.3624186922624801,-141.33038910827102,22.314222150985408,1.569953472031555,-0.2684,-0.9436,0.1935,0.0137,0
2139691.0,495.067381,1.0,0.59,5.8,-9.08,-9.0,-32.0,24.19,-15.19,12.31,2.19,-0.3800070127856941,0.07662024289470448,-0.9768663100267307,-140.8145368825897,22.337582426465428,1.2949121758820281,-0.2735,-0.9421,0.1937,0.0113,0
2139691.0,495.067381,1.0,0.59,5.8,-9.08,-9.0,-32.0,24.19,-15.19,12.31,2.19,-0.3800070127856941,0.07662024289470448,-0.9768663100267307,-140.8145368825897,22.337582426465428,1.2949121758820281,-0.2735,-0.9421,0.1937,0.0113,0
2139727.0,495.104485,1.0,0.87,4.94,-8.86,-9.0,-32.0,24.19,-2.06,15.5,1.37,0.08326891902710506,-0.4410529480025325,-0.3648119688706686,-140.64403039131906,22.255825568870375,0.7677691897415189,-0.2759,-0.9416,0.193,0.0067,0
2139727.0,495.104485,1.0,0.87,4.94,-8.86,-9.0,-32.0,24.19,-2.06,15.5,1.37,0.08326891902710506,-0.4410529480025325,-0.3648119688706686,-140.64403039131906,22.255825568870375,0.7677691897415189,-0.2759,-0.9416,0.193,0.0067,0
2139762.0,495.123162,1.0,0.81,5.11,-8.7,-9.75,-32.0,23.37,-14.0,3.0,5.06,-0.07684248339174365,-0.32257870872866024,-0.31008060872044574,-140.30512782111504,22.314222150985408,0.561500886182872,-0.2791,-0.9406,0.1935,0.0049,0
2139762.0,495.123162,1.0,0.81,5.11,-8.7,-9.75,-32.0,23.37,-14.0,3.0,5.06,-0.07684248339174365,-0.32257870872866024,-0.31008060872044574,-140.30512782111504,22.314222150985408,0.561500886182872,-0.2791,-0.9406,0.1935,0.0049,0
2139797.0,495.164293,1.0,0.79,5.68,-8.04,-10.06,-32.0,22.87,-20.69,1.31,0.88,-0.3469071955116009,0.3378392979465037,-0.05710283583612963,-139.66874405322235,22.407668898888776,0.6531754234266163,-0.2849,-0.9387,0.1943,0.0057,0
2139797.0,495.164293,1.0,0.79,5.68,-8.04,-10.06,-32.0,22.87,-20.69,1.31,0.88,-0.3469071955116009,0.3378392979465037,-0.05710283583612963,-139.66874405322235,22.407668898888776,0.6531754234266163,-0.2849,-0.9387,0.1943,0.0057,0
2139832.0,495.227681,1.0,0.39,5.18,-8.04,-10.06,-31.69,23.69,-2.19,8.69,-4.44,-0.5420679899942248,-0.2247976524335571,0.2525028214348737,-139.5691405181039,22.279183498407725,0.5385823103159236,-0.2866,-0.9384,0.1932,0.0047,0
2139832.0,495.227681,1.0,0.39,5.18,-8.04,-10.06,-31.69,23.69,-2.19,8.69,-4.44,-0.5420679899942248,-0.2247976524335571,0.2525028214348737,-139.5691405181039,22.279183498407725,0.5385823103159236,-0.2866,-0.9384,0.1932,0.0047,0
2139867.0,495.311766,1.0,0.93,5.36,-8.58,-10.06,-31.69,23.69,-6.44,11.0,2.69,-0.09014206060070311,-0.24153205890921914,-0.3493549563511813,-139.37063539830646,22.185757394813148,0.1718874029970642,-0.289,-0.9378,0.1924,0.0015,0
2139867.0,495.311766,1.0,0.93,5.36,-8.58,-10.06,-31.69,23.69,-6.44,11.0,2.69,-0.09014206060070311,-0.24153205890921914,-0.3493549563511813,-139.37063539830646,22.185757394813148,0.1718874029970642,-0.289,-0.9378,0.1924,0.0015,0
2139904.0,495.315375,1.0,1.01,5.42,-8.54,-9.38,-32.38,23.37,-10.63,8.25,-1.88,-0.05634578692574631,-0.19371497822453687,-0.356390866763606,-139.2059212883253,22.09234622296079,0.011459155921715059,-0.2911,-0.9373,0.1916,0.0001,0
2139904.0,495.315375,1.0,1.01,5.42,-8.54,-9.38,-32.38,23.37,-10.63,8.25,-1.88,-0.05634578692574631,-0.19371497822453687,-0.356390866763606,-139.2059212883253,22.09234622296079,0.011459155921715059,-0.2911,-0.9373,0.1916,0.0001,0
2139940.0,495.35768,1.0,1.0,5.63,-8.47,-10.5,-32.0,21.69,-8.25,6.69,-1.37,-0.15457830694077931,-0.08175007078456753,-0.41133524528930643,-138.87838831455554,21.998949913651902,-0.13750990383378794,-0.2948,-0.9363,0.1908,-0.0012,0
2139940.0,495.35768,1.0,1.0,5.63,-8.47,-10.5,-32.0,21.69,-8.25,6.69,-1.37,-0.15457830694077931,-0.08175007078456753,-0.41133524528930643,-138.87838831455554,21.998949913651902,-0.13750990383378794,-0.2948,-0.9363,0.1908,-0.0012,0
2139973.0,495.364695,1.0,0.82,5.34,-8.18,-10.5,-32.0,21.69,-1.44,5.88,-4.31,-0.2499731733229168,-0.22469807959356602,0.009332806724801301,-138.84577222800962,21.847212431989455,-0.20626491763025412,-0.2958,-0.9362,0.1895,-0.0018,0
2139973.0,495.364695,1.0,0.82,5.34,-8.18,-10.5,-32.0,21.69,-1.44,5.88,-4.31,-0.2499731733229168,-0.22469807959356602,0.009332806724801301,-138.84577222800962,21.847212431989455,-0.20626491763025412,-0.2958,-0.9362,0.1895,-0.0018,0
2140008.0,495.383083,1.0,1.03,5.5,-8.52,-10.06,-33.19,22.5,-9.81,5.81,1.25,-0.09143325137673591,-0.28024138623159134,-0.38228540690025525,-138.61814821881748,21.765523710742034,-0.3896120513439707,-0.2985,-0.9355,0.1888,-0.0034,0
2140008.0,495.383083,1.0,1.03,5.5,-8.52,-10.06,-33.19,22.5,-9.81,5.81,1.25,-0.09143325137673591,-0.28024138623159134,-0.38228540690025525,-138.61814821881748,21.765523710742034,-0.3896120513439707,-0.2985,-0.9355,0.1888,-0.0034,0
2140043.0,495.4248,1.0,1.23,5.81,-8.27,-10.5,-33.5,23.37,-6.75,6.06,-0.63,-0.05466147575657267,0.11475921998492256,-0.37400530525892073,-138.4239905330992,21.753854808314237,-0.5156637559929028,-0.3006,-0.9349,0.1887,-0.0045,0
2140043.0,495.4248,1.0,1.23,5.81,-8.27,-10.5,-33.5,23.37,-6.75,6.06,-0.63,-0.05466147575657267,0.11475921998492256,-0.37400530525892073,-138.4239905330992,21.753854808314237,-0.5156637559929028,-0.3006,-0.9349,0.1887,-0.0045,0
2140080.0,495.441872,1.0,1.3,5.68,-8.51,-10.88,-32.38,21.69,-4.19,0.37,-3.81,0.09519410954896904,-0.12418232160406095,-0.5058674827734571,-138.26285199839916,21.718849470413215,-0.48128596289769454,-0.3021,-0.9344,0.1884,-0.0042,0
2140080.0,495.441872,1.0,1.3,5.68,-8.51,-10.88,-32.38,21.69,-4.19,0.37,-3.81,0.09519410954896904,-0.12418232160406095,-0.5058674827734571,-138.26285199839916,21.718849470413215,-0.48128596289769454,-0.3021,-0.9344,0.1884,-0.0042,0
2140112.0,495.48269,1.0,1.01,5.56,-8.27,-10.88,-32.38,21.69,-3.25,0.5,-2.5,-0.13915419388382666,-0.1900004936825006,-0.20689761923689964,-138.26285199839916,21.637178319468855,-0.41253050356335247,-0.3028,-0.9344,0.1877,-0.0036,0
2140112.0,495.48269,1.0,1.01,5.56,-8.27,-10.88,-32.38,21.69,-3.25,0.5,-2.5,-0.13915419388382666,-0.1900004936825006,-0.20689761923689964,-138.26285199839916,21.637178319468855,-0.41253050356335247,-0.3028,-0.9344,0.1877,-0.0036,0
2140151.0,495.541353,1.0,0.97,5.4,-8.12,-10.88,-33.5,21.69,-0.31,2.69,-1.69,-0.13113050693000933,-0.241480664464079,0.010743105850677281,-138.26285199839916,21.590514086807826,-0.4010712754482724,-0.303,-0.9344,0.1873,-0.0035,0
2140151.0,495.541353,1.0,0.97,5.4,-8.12,-10.88,-33.5,21.69,-0.31,2.69,-1.69,-0.13113050693000933,-0.241480664464079,0.010743105850677281,-138.26285199839916,21.590514086807826,-0.4010712754482724,-0.303,-0.9344,0.1873,-0.0035,0
2140184.0,495.548781,1.0,0.99,5.6,-7.9,-10.06,-33.19,21.69,-4.63,2.75,-0.06,-0.20629896336203213,0.02109050110351518,0.07489291669387477,-138.19856277995768,21.543853477197022,-0.43544897228423995,-0.3039,-0.9342,0.1869,-0.0038,0
2140184.0,495.548781,1.0,0.99,5.6,-7.9,-10.06,-33.19,21.69,-4.63,2.75,-0.06,-0.20629896336203213,0.02109050110351518,0.07489291669387477,-138.19856277995768,21.543853477197022,-0.43544897228423995,-0.3039,-0.9342,0.1869,-0.0038,0
2140219.0,495.614863,1.0,1.13,5.62,-8.22,-10.06,-33.19,21.69,-6.19,3.44,-0.5,-0.058166228270426446,-0.1380409660971691,-0.21369237846031375,-138.0382513966867,21.485532797029645,-0.5500415954991054,-0.3057,-0.9337,0.1864,-0.0048,0
2140219.0,495.614863,1.0,1.13,5.62,-8.22,-10.06,-33.19,21.69,-6.19,3.44,-0.5,-0.058166228270426446,-0.1380409660971691,-0.21369237846031375,-138.0382513966867,21.485532797029645,-0.5500415954991054,-0.3057,-0.9337,0.1864,-0.0048,0
2140254.0,495.6287,1.0,1.08,5.7,-8.16,-10.5,-33.19,20.5,-3.63,0.94,-2.75,-0.1259980030244533,-0.08456539001918006,-0.20429267279783936,-137.94234469461358,21.42721774773248,-0.5156637559929028,-0.3069,-0.9334,0.1859,-0.0045,0
2140254.0,495.6287,1.0,1.08,5.7,-8.16,-10.5,-33.19,20.5,-3.63,0.94,-2.75,-0.1259980030244533,-0.08456539001918006,-0.20429267279783936,-137.94234469461358,21.42721774773248,-0.5156637559929028,-0.3069,-0.9334,0.1859,-0.0045,0
2140291.0,495.669884,1.0,1.05,5.77,-7.96,-10.5,-33.19,21.25,-2.44,1.81,-1.81,-0.1875195955673022,0.051374123454617227,-0.07865207432820753,-137.87852272532075,21.34558610673021,-0.4927452222969898,-0.308,-0.9332,0.1852,-0.0043,0
2140291.0,495.669884,1.0,1.05,5.77,-7.96,-10.5,-33.19,21.25,-2.44,1.81,-1.81,-0.1875195955673022,0.051374123454617227,-0.07865207432820753,-137.87852272532075,21.34558610673021,-0.4927452222969898,-0.308,-0.9332,0.1852,-0.0043,0
2140323.0,495.73156,1.0,1.13,5.72,-8.16,-10.5,-33.19,21.25,0.0,3.13,-1.94,-0.07879956058567006,-0.07909203879854365,-0.22173147851637331,-137.87852272532075,21.263965423591053,-0.5500415954991054,-0.3082,-0.9332,0.1845,-0.0048,0
2140323.0,495.73156,1.0,1.13,5.72,-8.16,-10.5,-33.19,21.25,0.0,3.13,-1.94,-0.07879956058567006,-0.07909203879854365,-0.22173147851637331,-137.87852272532075,21.263965423591053,-0.5500415954991054,-0.3082,-0.9332,0.1845,-0.0048,0
2140358.0,495.73913,1.0,1.03,5.57,-8.2,-9.75,-32.75,22.06,0.31,1.19,-2.88,-0.1122531309918608,-0.24413346723142482,-0.15596000364664064,-137.97429037596618,21.147383365420364,-0.561500886182872,-0.3081,-0.9335,0.1835,-0.0049,0
2140358.0,495.73913,1.0,1.03,5.57,-8.2,-9.75,-32.75,22.06,0.31,1.19,-2.88,-0.1122531309918608,-0.24413346723142482,-0.15596000364664064,-137.97429037596618,21.147383365420364,-0.561500886182872,-0.3081,-0.9335,0.1835,-0.0049,0
2140393.0,495.801255,1.0,1.05,5.76,-8.02,-9.0,-33.19,20.87,-0.44,0.0,-1.0,-0.1695189175798037,0.003314062498047221,-0.12168079392363751,-138.0382513966867,20.97255174185992,-0.5729601824818275,-0.3084,-0.9337,0.182,-0.005,0
2140393.0,495.801255,1.0,1.05,5.76,-8.02,-9.0,-33.19,20.87,-0.44,0.0,-1.0,-0.1695189175798037,0.003314062498047221,-0.12168079392363751,-138.0382513966867,20.97255174185992,-0.5729601824818275,-0.3084,-0.9337,0.182,-0.005,0
2140428.0,495.808557,1.0,0.98,5.44,-8.11,-9.0,-33.19,20.87,0.06,3.31,-3.13,-0.11522360010575533,-0.30743556848616027,-0.0024430719005916757,-138.1343678726239,20.832722001771078,-0.60733810621587,-0.3083,-0.934,0.1808,-0.0053,0
2140428.0,495.808557,1.0,0.98,5.44,-8.11,-9.0,-33.19,20.87,0.06,3.31,-3.13,-0.11522360010575533,-0.30743556848616027,-0.0024430719005916757,-138.1343678726239,20.832722001771078,-0.60733810621587,-0.3083,-0.934,0.1808,-0.0053,0
2140463.0,495.827046,1.0,1.13,5.99,-8.18,-9.75,-33.5,20.87,-7.44,0.5,-0.88,-0.14215217822965476,0.07257129505254767,-0.39354245727054504,-137.94234469461358,20.786119068432164,-0.5844194845105756,-0.3102,-0.9334,0.1804,-0.0051,0
2140463.0,495.827046,1.0,1.13,5.99,-8.18,-9.75,-33.5,20.87,-7.44,0.5,-0.88,-0.14215217822965476,0.07257129505254767,-0.39354245727054504,-137.94234469461358,20.786119068432164,-0.5844194845105756,-0.3102,-0.9334,0.1804,-0.0051,0
2140497.0,495.87473,1.0,1.06,5.78,-8.09,-10.5,-33.88,20.5,0.56,0.0,-0.5,-0.14097082876542436,-0.0580729145759693,-0.191192505362336,-137.91042216197232,20.786119068432164,-0.561500886182872,-0.3104,-0.9333,0.1804,-0.0049,0
2140497.0,495.87473,1.0,1.06,5.78,-8.09,-10.5,-33.88,20.5,0.56,0.0,-0.5,-0.14097082876542436,-0.0580729145759693,-0.191192505362336,-137.91042216197232,20.786119068432164,-0.561500886182872,-0.3104,-0.9333,0.1804,-0.0049,0
2140532.0,495.94235,1.0,0.97,5.88,-7.93,-9.75,-33.5,20.5,-2.06,-1.56,-2.06,-0.2605164207387443,0.07390675568950078,-0.10934057008370246,-137.91042216197232,20.73951961095484,-0.4927452222969898,-0.3108,-0.9333,0.18,-0.0043,0
2140532.0,495.94235,1.0,0.97,5.88,-7.93,-9.75,-33.5,20.5,-2.06,-1.56,-2.06,-0.2605164207387443,0.07390675568950078,-0.10934057008370246,-137.91042216197232,20.73951961095484,-0.4927452222969898,-0.3108,-0.9333,0.18,-0.0043,0
2140567.0,495.962074,1.0,0.91,5.74,-7.88,-9.75,-33.5,20.5,2.25,1.06,-2.44,-0.26051263684868536,-0.013949131840723883,0.018798418178631593,-137.97429037596618,20.63468349632429,-0.43544897228423995,-0.3106,-0.9335,0.1791,-0.0038,0
2140567.0,495.962074,1.0,0.91,5.74,-7.88,-9.75,-33.5,20.5,2.25,1.06,-2.44,-0.26051263684868536,-0.013949131840723883,0.018798418178631593,-137.97429037596618,20.63468349632429,-0.43544897228423995,-0.3106,-0.9335,0.1791,-0.0038,0
2140602.0,496.007762,1.0,1.01,5.63,-8.07,-9.75,-34.25,21.25,2.5,0.88,-0.88,-0.11673085159246932,-0.16129138373111163,-0.08285246462483187,-138.0702668424954,20.576448759783837,-0.48128596289769454,-0.31,-0.9338,0.1786,-0.0042,0
2140602.0,496.007762,1.0,1.01,5.63,-8.07,-9.75,-34.25,21.25,2.5,0.88,-0.88,-0.11673085159246932,-0.16129138373111163,-0.08285246462483187,-138.0702668424954,20.576448759783837,-0.48128596289769454,-0.31,-0.9338,0.1786,-0.0042,0
2140639.0,496.032953,1.0,1.1,5.7,-8.02,-10.5,-33.88,21.25,0.0,1.88,-2.0,-0.061536494494191615,-0.04827817058236805,-0.09356628440967718,-138.1023056498993,20.54151049721856,-0.4927452222969898,-0.3099,-0.9339,0.1783,-0.0043,0
2140639.0,496.032953,1.0,1.1,5.7,-8.02,-10.5,-33.88,21.25,0.0,1.88,-2.0,-0.061536494494191615,-0.04827817058236805,-0.09356628440967718,-138.1023056498993,20.54151049721856,-0.4927452222969898,-0.3099,-0.9339,0.1783,-0.0043,0
2140672.0,496.078344,1.0,1.18,5.87,-8.07,-10.5,-33.88,21.25,-2.13,0.19,-3.44,-0.029471047874813368,0.06412405182840386,-0.24169412046652816,-138.0702668424954,20.448351223683986,-0.48128596289769454,-0.3105,-0.9338,0.1775,-0.0042,0
2140672.0,496.078344,1.0,1.18,5.87,-8.07,-10.5,-33.88,21.25,-2.13,0.19,-3.44,-0.029471047874813368,0.06412405182840386,-0.24169412046652816,-138.0702668424954,20.448351223683986,-0.48128596289769454,-0.3105,-0.9338,0.1775,-0.0042,0
2140706.0,496.087246,1.0,0.95,5.67,-8.01,-9.75,-33.88,21.25,0.63,-1.0,-2.94,-0.16948836151734575,-0.11983182087107469,-0.050754020837173286,-138.1664535645985,20.331921330362565,-0.4239897358038088,-0.3104,-0.9341,0.1765,-0.0037,0
2140706.0,496.087246,1.0,0.95,5.67,-8.01,-9.75,-33.88,21.25,0.63,-1.0,-2.94,-0.16948836151734575,-0.11983182087107469,-0.050754020837173286,-138.1664535645985,20.331921330362565,-0.4239897358038088,-0.3104,-0.9341,0.1765,-0.0037,0
2140743.0,496.107399,1.0,1.06,5.68,-8.02,-9.75,-34.69,21.25,1.75,3.25,-1.06,-0.07223619334836875,-0.07640969591643731,-0.0774454816685406,-138.23069557304194,20.27371434520358,-0.4583674584234223,-0.3101,-0.9343,0.176,-0.004,0
2140743.0,496.107399,1.0,1.06,5.68,-8.02,-9.75,-34.69,21.25,1.75,3.25,-1.06,-0.07223619334836875,-0.07640969591643731,-0.0774454816685406,-138.23069557304194,20.27371434520358,-0.4583674584234223,-0.3101,-0.9343,0.176,-0.004,0
2140776.0,496.156409,1.0,1.22,5.78,-8.2,-9.75,-34.69,21.25,-1.69,3.5,-1.81,0.05298916345074384,-0.06533020209483187,-0.29927519828100735,-138.19856277995768,20.20387293870638,-0.5500415954991054,-0.3105,-0.9342,0.1754,-0.0048,0
2140776.0,496.156409,1.0,1.22,5.78,-8.2,-9.75,-34.69,21.25,-1.69,3.5,-1.81,0.05298916345074384,-0.06533020209483187,-0.29927519828100735,-138.19856277995768,20.20387293870638,-0.5500415954991054,-0.3105,-0.9342,0.1754,-0.0048,0
