TIME,ELAPSED_SECONDS,PSTATE,acc_x,acc_y,acc_z,mag_x,mag_y,mag_z,gyr_x,gyr_y,gyr_z,lin_x,lin_y,lin_z,eul_x,eul_y,eul_z,qua_w,qua_x,qua_y,qua_z,LABLE
2669983.0,79.15047,1.0,-4.06,0.63,-8.77,-7.56,-15.5,33.25,28.19,9.31,-23.25,0.6091884377726662,-0.4557675628414588,0.15188095170341676,-111.52245118481589,62.39638163911369,24.76065802803315,0.0483,-0.8267,0.518,0.2144,0
2669983.0,79.15047,1.0,-4.06,0.63,-8.77,-7.56,-15.5,33.25,28.19,9.31,-23.25,0.6091884377726662,-0.4557675628414588,0.15188095170341676,-111.52245118481589,62.39638163911369,24.76065802803315,0.0483,-0.8267,0.518,0.2144,0
2670018.0,79.22179,1.0,-4.19,0.65,-8.56,-8.38,-15.5,33.25,18.56,14.06,-14.06,0.34703242827352765,-0.6079683996452003,0.27973324174292635,-112.03329231056664,62.08851089054388,24.150948661500916,0.0519,-0.8292,0.5157,0.2092,0
2670018.0,79.22179,1.0,-4.19,0.65,-8.56,-8.38,-15.5,33.25,18.56,14.06,-14.06,0.34703242827352765,-0.6079683996452003,0.27973324174292635,-112.03329231056664,62.08851089054388,24.150948661500916,0.0519,-0.8292,0.5157,0.2092,0
2670053.0,79.239011,1.0,-3.74,0.87,-9.42,-8.38,-15.5,33.25,19.31,10.56,-11.44,0.4001657579175572,0.11484669442699041,-0.35738353019702807,-112.56817591001142,61.87463337928294,23.272776070440536,0.0556,-0.8318,0.5141,0.2017,0
2670053.0,79.239011,1.0,-3.74,0.87,-9.42,-8.38,-15.5,33.25,19.31,10.56,-11.44,0.4001657579175572,0.11484669442699041,-0.35738353019702807,-112.56817591001142,61.87463337928294,23.272776070440536,0.0556,-0.8318,0.5141,0.2017,0
2670088.0,79.241874,1.0,-3.82,0.24,-9.34,-8.38,-14.0,32.5,17.56,7.19,-8.75,0.7924417495656908,-0.25813906474439474,-0.25272375271433667,-112.83702493862923,61.75443240547687,22.79329707445838,0.0587,-0.8331,0.5132,0.1976,0
2670088.0,79.241874,1.0,-3.82,0.24,-9.34,-8.38,-14.0,32.5,17.56,7.19,-8.75,0.7924417495656908,-0.25813906474439474,-0.25272375271433667,-112.83702493862923,61.75443240547687,22.79329707445838,0.0587,-0.8331,0.5132,0.1976,0
2670125.0,79.263139,1.0,-3.91,0.65,-9.05,-7.56,-14.75,33.69,10.38,3.13,-3.06,0.22412844748183208,-0.20788364030671858,-0.0685538374467125,-113.06525678920106,61.66099486357579,22.39598723123728,0.062,-0.8342,0.5125,0.1942,0
2670125.0,79.263139,1.0,-3.91,0.65,-9.05,-7.56,-14.75,33.69,10.38,3.13,-3.06,0.22412844748183208,-0.20788364030671858,-0.0685538374467125,-113.06525678920106,61.66099486357579,22.39598723123728,0.062,-0.8342,0.5125,0.1942,0
2670159.0,79.285633,1.0,-3.91,0.9,-8.91,-7.56,-14.75,33.69,4.31,1.63,-0.81,-0.06651178254177303,-0.12254035035679545,0.03594070920040515,-113.10682738081555,61.64765035653756,22.255825568870375,0.0634,-0.8344,0.5124,0.193,0
2670159.0,79.285633,1.0,-3.91,0.9,-8.91,-7.56,-14.75,33.69,4.31,1.63,-0.81,-0.06651178254177303,-0.12254035035679545,0.03594070920040515,-113.10682738081555,61.64765035653756,22.255825568870375,0.0634,-0.8344,0.5124,0.193,0
2670192.0,79.340557,1.0,-4.05,0.81,-8.83,-9.06,-14.0,34.5,1.31,3.56,2.06,-0.08669011974742585,-0.3121821964630225,0.06383074172831016,-113.10682738081555,61.70103395154206,22.11569761985897,0.0638,-0.8344,0.5128,0.1918,0
2670192.0,79.340557,1.0,-4.05,0.81,-8.83,-9.06,-14.0,34.5,1.31,3.56,2.06,-0.08669011974742585,-0.3121821964630225,0.06383074172831016,-113.10682738081555,61.70103395154206,22.11569761985897,0.0638,-0.8344,0.5128,0.1918,0
2670227.0,79.352321,1.0,-3.95,1.08,-8.7,-7.56,-12.88,33.69,-4.81,3.13,2.69,-0.3045750373817188,-0.1624194954325457,0.19729237557434942,-113.04448004610617,61.781137212047426,22.11569761985897,0.0627,-0.8341,0.5134,0.1918,0
2670227.0,79.352321,1.0,-3.95,1.08,-8.7,-7.56,-12.88,33.69,-4.81,3.13,2.69,-0.3045750373817188,-0.1624194954325457,0.19729237557434942,-113.04448004610617,61.781137212047426,22.11569761985897,0.0627,-0.8341,0.5134,0.1918,0
2670262.0,79.414034,1.0,-3.81,0.75,-8.97,-7.56,-12.88,33.69,-6.69,3.94,3.75,0.14685776401300005,-0.16119210886493296,0.034651744720331834,-113.00294363849157,61.84791552643628,22.162403204703924,0.0599,-0.8339,0.5139,0.1922,0
2670262.0,79.414034,1.0,-3.81,0.75,-8.97,-7.56,-12.88,33.69,-6.69,3.94,3.75,0.14685776401300005,-0.16119210886493296,0.034651744720331834,-113.00294363849157,61.84791552643628,22.162403204703924,0.0599,-0.8339,0.5139,0.1922,0
2670295.0,79.509009,1.0,-3.76,0.96,-9.21,-8.0,-13.56,33.25,-13.0,0.0,7.5,0.10095805978507183,0.008472958096542804,-0.18699976768475324,-112.87847065921487,61.96817529160684,22.314222150985408,0.0568,-0.8333,0.5148,0.1935,0
2670295.0,79.509009,1.0,-3.76,0.96,-9.21,-8.0,-13.56,33.25,-13.0,0.0,7.5,0.10095805978507183,0.008472958096542804,-0.18699976768475324,-112.87847065921487,61.96817529160684,22.314222150985408,0.0568,-0.8333,0.5148,0.1935,0
2670329.0,79.51222,1.0,-3.8,1.26,-9.09,-9.06,-13.56,33.69,-15.25,1.12,8.88,-0.11547872310689478,0.023677073046264763,-0.1252080366778099,-112.60947570576612,62.16877688957837,22.60629344975137,0.0522,-0.832,0.5163,0.196,0
2670329.0,79.51222,1.0,-3.8,1.26,-9.09,-9.06,-13.56,33.69,-15.25,1.12,8.88,-0.11547872310689478,0.023677073046264763,-0.1252080366778099,-112.60947570576612,62.16877688957837,22.60629344975137,0.0522,-0.832,0.5163,0.196,0
2670366.0,79.552466,1.0,-3.72,1.15,-9.22,-9.5,-13.56,33.69,-8.44,-1.75,5.94,0.09701573576882017,0.05041698400460837,-0.20121421144577134,-112.42380191368638,62.34280299111539,22.75822922439662,0.05,-0.8311,0.5176,0.1973,0
2670366.0,79.552466,1.0,-3.72,1.15,-9.22,-9.5,-13.56,33.69,-8.44,-1.75,5.94,0.09701573576882017,0.05041698400460837,-0.20121421144577134,-112.42380191368638,62.34280299111539,22.75822922439662,0.05,-0.8311,0.5176,0.1973,0
2670399.0,79.605467,1.0,-3.82,1.48,-9.07,-9.5,-13.56,33.69,-8.25,-0.69,5.38,-0.20980862833941388,0.05076004408089818,-0.14327983680785827,-112.21802358107666,62.47677807164217,22.99205586322248,0.0475,-0.8301,0.5186,0.1993,0
2670399.0,79.605467,1.0,-3.82,1.48,-9.07,-9.5,-13.56,33.69,-8.25,-0.69,5.38,-0.20980862833941388,0.05076004408089818,-0.14327983680785827,-112.21802358107666,62.47677807164217,22.99205586322248,0.0475,-0.8301,0.5186,0.1993,0
2670436.0,79.611782,1.0,-3.89,1.24,-9.04,-8.0,-14.38,33.69,-6.0,-1.88,3.5,-0.0020017943283836825,-0.13890447090322322,-0.1116160551521066,-112.13586614925855,62.53039470295739,23.109005518751953,0.0462,-0.8297,0.519,0.2003,0
2670436.0,79.611782,1.0,-3.89,1.24,-9.04,-8.0,-14.38,33.69,-6.0,-1.88,3.5,-0.0020017943283836825,-0.13890447090322322,-0.1116160551521066,-112.13586614925855,62.53039470295739,23.109005518751953,0.0462,-0.8297,0.519,0.2003,0
2670471.0,79.62773,1.0,-3.78,1.61,-8.98,-8.69,-14.0,32.5,-9.94,-2.38,5.5,-0.25359020949912253,0.09216144368268597,-0.06493033315560659,-112.01279388618183,62.597436921358636,23.307876019955895,0.0444,-0.8291,0.5195,0.202,0
2670471.0,79.62773,1.0,-3.78,1.61,-8.98,-8.69,-14.0,32.5,-9.94,-2.38,5.5,-0.25359020949912253,0.09216144368268597,-0.06493033315560659,-112.01279388618183,62.597436921358636,23.307876019955895,0.0444,-0.8291,0.5195,0.202,0
2670505.0,79.670695,1.0,-3.87,1.74,-8.87,-8.69,-14.0,32.5,-9.88,-4.19,3.88,-0.35821094287507965,0.026594988128579633,-0.01945694156190214,-111.82855209706509,62.66450299518854,23.62387580431868,0.0417,-0.8282,0.52,0.2047,0
2670505.0,79.670695,1.0,-3.87,1.74,-8.87,-8.69,-14.0,32.5,-9.88,-4.19,3.88,-0.35821094287507965,0.026594988128579633,-0.01945694156190214,-111.82855209706509,62.66450299518854,23.62387580431868,0.0417,-0.8282,0.52,0.2047,0
2670538.0,79.689273,1.0,-4.01,1.63,-8.84,-9.06,-14.38,34.06,-9.19,-0.31,0.81,-0.2633491660890921,-0.16991264331964762,-0.03125510781438301,-111.74680725300391,62.66450299518854,23.858067126010045,0.0392,-0.8278,0.52,0.2067,0
2670538.0,79.689273,1.0,-4.01,1.63,-8.84,-9.06,-14.38,34.06,-9.19,-0.31,0.81,-0.2633491660890921,-0.16991264331964762,-0.03125510781438301,-111.74680725300391,62.66450299518854,23.858067126010045,0.0392,-0.8278,0.52,0.2067,0
2670575.0,79.73175,1.0,-3.4,2.37,-9.34,-8.38,-14.38,32.88,-12.69,4.81,-0.63,-0.4930730417740776,0.7834118354785866,-0.3695794034434865,-111.82855209706509,62.597436921358636,23.928344197778113,0.0363,-0.8282,0.5195,0.2073,0
2670575.0,79.73175,1.0,-3.4,2.37,-9.34,-8.38,-14.38,32.88,-12.69,4.81,-0.63,-0.4930730417740776,0.7834118354785866,-0.3695794034434865,-111.82855209706509,62.597436921358636,23.928344197778113,0.0363,-0.8282,0.5195,0.2073,0
2670612.0,79.751114,1.0,-2.97,2.53,-10.06,-8.38,-14.38,32.88,-20.06,5.0,-13.25,-0.16498111702609852,1.3580174350897367,-0.896338829155022,-112.34142441987676,62.02164840141652,24.0923596055089,0.0309,-0.8307,0.5152,0.2087,0
2670612.0,79.751114,1.0,-2.97,2.53,-10.06,-8.38,-14.38,32.88,-20.06,5.0,-13.25,-0.16498111702609852,1.3580174350897367,-0.896338829155022,-112.34142441987676,62.02164840141652,24.0923596055089,0.0309,-0.8307,0.5152,0.2087,0
2670645.0,79.79328,1.0,-3.32,2.88,-9.52,-8.75,-15.5,33.69,-41.13,46.63,-45.81,-0.7446814918329179,0.9317051909282539,-0.6108628947805403,-113.6702839060659,60.88853462317394,23.65899809735879,0.0215,-0.8371,0.5067,0.205,0
2670645.0,79.79328,1.0,-3.32,2.88,-9.52,-8.75,-15.5,33.69,-41.13,46.63,-45.81,-0.7446814918329179,0.9317051909282539,-0.6108628947805403,-113.6702839060659,60.88853462317394,23.65899809735879,0.0215,-0.8371,0.5067,0.205,0
2670682.0,79.800081,1.0,-2.37,2.57,-9.98,-8.75,-15.5,32.88,-129.81,86.12,-126.62,0.4359402127264891,1.1066072986116537,-0.7008509596757797,-118.81305169988002,55.67947118427708,23.272776070440536,-0.0174,-0.8608,0.467,0.2017,0
2670682.0,79.800081,1.0,-2.37,2.57,-9.98,-8.75,-15.5,32.88,-129.81,86.12,-126.62,0.4359402127264891,1.1066072986116537,-0.7008509596757797,-118.81305169988002,55.67947118427708,23.272776070440536,-0.0174,-0.8608,0.467,0.2017,0
2670718.0,79.854211,1.0,-1.91,6.25,-9.27,-9.06,-18.87,30.87,-311.06,138.69,-236.81,-1.4096756554627843,2.912495635601128,-1.0641219927795351,-124.84860239500853,47.95777627551156,23.881491803544503,-0.0799,-0.8864,0.4064,0.2069,0
2670718.0,79.854211,1.0,-1.91,6.25,-9.27,-9.06,-18.87,30.87,-311.06,138.69,-236.81,-1.4096756554627843,2.912495635601128,-1.0641219927795351,-124.84860239500853,47.95777627551156,23.881491803544503,-0.0799,-0.8864,0.4064,0.2069,0
2670751.0,79.918923,1.0,-1.61,8.97,-8.81,-9.06,-18.87,30.87,-381.38,182.81,-304.25,-0.797721584012001,3.87536522181126,-2.2355377029042014,-132.81066902216784,32.795047946580326,24.197824520118107,-0.1913,-0.9164,0.2823,0.2096,0
2670751.0,79.918923,1.0,-1.61,8.97,-8.81,-9.06,-18.87,30.87,-381.38,182.81,-304.25,-0.797721584012001,3.87536522181126,-2.2355377029042014,-132.81066902216784,32.795047946580326,24.197824520118107,-0.1913,-0.9164,0.2823,0.2096,0
2670788.0,79.92945,1.0,-1.5,11.29,-8.81,-8.0,-27.06,25.25,-358.63,174.19,-358.25,0.6393637688492964,4.54878108094889,-3.8399614713024732,-135.09605869286386,19.63378275290543,24.045492963672757,-0.2709,-0.9242,0.1705,0.2083,0
2670788.0,79.92945,1.0,-1.5,11.29,-8.81,-8.0,-27.06,25.25,-358.63,174.19,-358.25,0.6393637688492964,4.54878108094889,-3.8399614713024732,-135.09605869286386,19.63378275290543,24.045492963672757,-0.2709,-0.9242,0.1705,0.2083,0
2670825.0,79.972919,1.0,-1.09,9.45,-8.34,-1.69,-35.25,15.69,-277.31,173.81,-398.94,3.3826810664038374,1.7558063574088698,-2.2565507708682233,-132.49673400768697,1.0542572154525014,23.740958889771715,-0.3462,-0.9153,0.0092,0.2057,0
2670825.0,79.972919,1.0,-1.09,9.45,-8.34,-1.69,-35.25,15.69,-277.31,173.81,-398.94,3.3826810664038374,1.7558063574088698,-2.2565507708682233,-132.49673400768697,1.0542572154525014,23.740958889771715,-0.3462,-0.9153,0.0092,0.2057,0
2670862.0,80.039308,1.0,-3.79,6.96,-6.79,-1.69,-35.25,15.69,-190.88,165.13,-364.56,1.0728736565192714,0.07329334260010567,-0.5737820817140094,-126.53082829262021,-15.979969398223387,22.60629344975137,-0.3802,-0.8931,-0.139,0.196,0
2670862.0,80.039308,1.0,-3.79,6.96,-6.79,-1.69,-35.25,15.69,-190.88,165.13,-364.56,1.0728736565192714,0.07329334260010567,-0.5737820817140094,-126.53082829262021,-15.979969398223387,22.60629344975137,-0.3802,-0.8931,-0.139,0.196,0
2670897.0,80.052736,1.0,-6.28,5.2,-4.82,7.19,-37.06,9.19,-133.44,190.19,-316.25,-1.6355604001615291,1.077278450560582,0.5397619939118048,-121.3135909011287,-27.442681619646773,20.937591354374124,-0.3884,-0.8717,-0.2372,0.1817,0
2670897.0,80.052736,1.0,-6.28,5.2,-4.82,7.19,-37.06,9.19,-133.44,190.19,-316.25,-1.6355604001615291,1.077278450560582,0.5397619939118048,-121.3135909011287,-27.442681619646773,20.937591354374124,-0.3884,-0.8717,-0.2372,0.1817,0
2670934.0,80.096283,1.0,-3.25,5.6,-6.79,18.69,-35.25,6.25,-27.19,321.88,-231.38,1.2394616251983008,-0.5015527534952677,0.5201662889755703,-116.44509519750314,-41.74627885444266,14.292215737283831,-0.3672,-0.8501,-0.3563,0.1244,0
2670934.0,80.096283,1.0,-3.25,5.6,-6.79,18.69,-35.25,6.25,-27.19,321.88,-231.38,1.2394616251983008,-0.5015527534952677,0.5201662889755703,-116.44509519750314,-41.74627885444266,14.292215737283831,-0.3672,-0.8501,-0.3563,0.1244,0
2670968.0,80.112725,1.0,-3.5,0.95,-7.64,26.19,-29.75,8.56,60.75,221.44,-167.75,-2.453492847147866,-2.134240820433676,1.9997627221286915,-114.66137227839894,-49.45461164689416,10.22366575133618,-0.3293,-0.8418,-0.4183,0.0891,0
2670968.0,80.112725,1.0,-3.5,0.95,-7.64,26.19,-29.75,8.56,60.75,221.44,-167.75,-2.453492847147866,-2.134240820433676,1.9997627221286915,-114.66137227839894,-49.45461164689416,10.22366575133618,-0.3293,-0.8418,-0.4183,0.0891,0
2671003.0,80.118428,1.0,-1.6,-1.15,-8.31,26.19,-29.75,8.56,19.87,128.06,-133.38,-3.177852631691791,-3.7450152570502393,2.8198972939347193,-111.91038320685797,-56.70567847737765,7.6259663887868285,-0.2889,-0.8286,-0.4749,0.0665,0
2671003.0,80.118428,1.0,-1.6,-1.15,-8.31,26.19,-29.75,8.56,19.87,128.06,-133.38,-3.177852631691791,-3.7450152570502393,2.8198972939347193,-111.91038320685797,-56.70567847737765,7.6259663887868285,-0.2889,-0.8286,-0.4749,0.0665,0
2671038.0,80.159178,1.0,-1.07,1.13,-8.47,30.06,-26.0,15.5,-48.31,91.19,-119.37,-1.2651277485554517,-3.082835575777677,1.8657258351087034,-108.70148376565115,-61.07470873985765,5.823757869537402,-0.2809,-0.8126,-0.5081,0.0508,0
2671038.0,80.159178,1.0,-1.07,1.13,-8.47,30.06,-26.0,15.5,-48.31,91.19,-119.37,-1.2651277485554517,-3.082835575777677,1.8657258351087034,-108.70148376565115,-61.07470873985765,5.823757869537402,-0.2809,-0.8126,-0.5081,0.0508,0
2671077.0,80.176199,1.0,-0.65,1.58,-8.73,30.5,-22.19,19.5,-65.06,81.06,-88.81,-1.21118375463933,-3.1970652973944276,1.5942442990683858,-104.27762048457956,-65.9536821068983,2.956790311078442,-0.2824,-0.7895,-0.5443,0.0258,0
2671077.0,80.176199,1.0,-0.65,1.58,-8.73,30.5,-22.19,19.5,-65.06,81.06,-88.81,-1.21118375463933,-3.1970652973944276,1.5942442990683858,-104.27762048457956,-65.9536821068983,2.956790311078442,-0.2824,-0.7895,-0.5443,0.0258,0
2671112.0,80.219238,1.0,5.41,2.83,-7.15,30.5,-22.19,19.5,-72.69,70.19,-53.06,1.9083258699593522,-7.414024668744176,4.348625578536065,-100.1883616821515,-69.69581964045186,-0.60733810621587,-0.2916,-0.7671,-0.5714,-0.0053,0
2671112.0,80.219238,1.0,5.41,2.83,-7.15,30.5,-22.19,19.5,-72.69,70.19,-53.06,1.9083258699593522,-7.414024668744176,4.348625578536065,-100.1883616821515,-69.69581964045186,-0.60733810621587,-0.2916,-0.7671,-0.5714,-0.0053,0
2671147.0,80.242924,1.0,0.56,7.1,-8.91,30.5,-20.69,19.37,-130.81,-19.81,-70.0,2.5285423763828336,-3.590074581649833,-0.7209108736795269,-95.61627658403121,-72.78307520859934,-3.679021045975539,-0.3132,-0.7409,-0.5933,-0.0321,0
2671147.0,80.242924,1.0,0.56,7.1,-8.91,30.5,-20.69,19.37,-130.81,-19.81,-70.0,2.5285423763828336,-3.590074581649833,-0.7209108736795269,-95.61627658403121,-72.78307520859934,-3.679021045975539,-0.3132,-0.7409,-0.5933,-0.0321,0
2671183.0,80.286466,1.0,-3.05,8.58,-4.19,32.0,-20.69,20.19,-52.75,-58.69,-22.25,4.496966260044054,1.3044886071139614,0.9437721417682088,-93.72249978101489,-72.5981261731199,-3.025568677774776,-0.3411,-0.7297,-0.592,-0.0264,0
2671183.0,80.286466,1.0,-3.05,8.58,-4.19,32.0,-20.69,20.19,-52.75,-58.69,-22.25,4.496966260044054,1.3044886071139614,0.9437721417682088,-93.72249978101489,-72.5981261731199,-3.025568677774776,-0.3411,-0.7297,-0.592,-0.0264,0
2671218.0,80.391953,1.0,-4.0,6.49,-4.56,33.0,-20.37,16.87,14.0,-51.75,-16.0,2.320531315998947,1.6257348847689697,1.3872782600235904,-93.40455194632293,-72.31401640199768,-1.6616358358374437,-0.3491,-0.7278,-0.59,-0.0145,0
2671218.0,80.391953,1.0,-4.0,6.49,-4.56,33.0,-20.37,16.87,14.0,-51.75,-16.0,2.320531315998947,1.6257348847689697,1.3872782600235904,-93.40455194632293,-72.31401640199768,-1.6616358358374437,-0.3491,-0.7278,-0.59,-0.0145,0
2671253.0,80.399263,1.0,-3.74,4.39,-4.18,33.0,-20.37,16.87,16.62,-27.56,10.31,0.8074745597410431,1.364359267747711,2.8626879736146362,-93.65548528916581,-71.77561964048604,-0.5844194845105756,-0.3529,-0.7293,-0.5862,-0.0051,0
2671253.0,80.399263,1.0,-3.74,4.39,-4.18,33.0,-20.37,16.87,16.62,-27.56,10.31,0.8074745597410431,1.364359267747711,2.8626879736146362,-93.65548528916581,-71.77561964048604,-0.5844194845105756,-0.3529,-0.7293,-0.5862,-0.0051,0
2671288.0,80.407033,1.0,-1.08,5.64,-9.12,33.38,-20.69,15.38,-6.56,-23.06,14.0,0.5741708031066552,-3.3654046490774716,-0.4156188008498187,-93.99097726205777,-71.18267056189946,-0.6760941207657828,-0.3557,-0.7313,-0.582,-0.0059,0
2671288.0,80.407033,1.0,-1.08,5.64,-9.12,33.38,-20.69,15.38,-6.56,-23.06,14.0,0.5741708031066552,-3.3654046490774716,-0.4156188008498187,-93.99097726205777,-71.18267056189946,-0.6760941207657828,-0.3557,-0.7313,-0.582,-0.0059,0
2671327.0,80.4098,1.0,-3.96,6.34,-7.25,33.69,-20.69,15.38,11.75,-67.5,18.19,1.0362524397355823,-0.15763466535848147,-0.5539017320951292,-94.44556964169911,-69.79359069064598,0.8479852761926534,-0.3658,-0.734,-0.5721,0.0074,0
2671327.0,80.4098,1.0,-3.96,6.34,-7.25,33.69,-20.69,15.38,11.75,-67.5,18.19,1.0362524397355823,-0.15763466535848147,-0.5539017320951292,-94.44556964169911,-69.79359069064598,0.8479852761926534,-0.3658,-0.734,-0.5721,0.0074,0
2671362.0,80.45299,1.0,-5.63,5.76,-6.87,33.69,-20.69,15.38,61.13,-58.56,31.25,0.20470530363878048,1.251105182143807,-0.7035465520096285,-95.78703781823206,-68.16692984371839,2.6358382855186164,-0.3674,-0.7419,-0.5604,0.023,0
2671362.0,80.45299,1.0,-5.63,5.76,-6.87,33.69,-20.69,15.38,61.13,-58.56,31.25,0.20470530363878048,1.251105182143807,-0.7035465520096285,-95.78703781823206,-68.16692984371839,2.6358382855186164,-0.3674,-0.7419,-0.5604,0.023,0
2671396.0,80.513714,1.0,-4.84,4.71,-8.13,33.38,-20.37,12.56,60.69,-56.25,37.81,-0.6056799138331226,-0.33159094719374727,-0.7399039056944243,-98.05073954110934,-65.99466654035382,4.986306217889055,-0.3626,-0.755,-0.5446,0.0435,0
2671396.0,80.513714,1.0,-4.84,4.71,-8.13,33.38,-20.37,12.56,60.69,-56.25,37.81,-0.6056799138331226,-0.33159094719374727,-0.7399039056944243,-98.05073954110934,-65.99466654035382,4.986306217889055,-0.3626,-0.755,-0.5446,0.0435,0
2671431.0,80.53272,1.0,-5.73,3.96,-7.63,34.06,-22.19,12.88,72.12,-82.75,46.81,-1.18492900225054,0.3267885651407494,-0.4510569802816473,-100.92354086053491,-62.85241532591269,8.142851840335263,-0.3582,-0.7712,-0.5214,0.071,0
2671431.0,80.53272,1.0,-5.73,3.96,-7.63,34.06,-22.19,12.88,72.12,-82.75,46.81,-1.18492900225054,0.3267885651407494,-0.4510569802816473,-100.92354086053491,-62.85241532591269,8.142851840335263,-0.3582,-0.7712,-0.5214,0.071,0
2671468.0,80.627403,1.0,-6.27,-0.27,-8.58,34.06,-21.06,12.19,73.75,-18.25,0.63,-4.992474194299915,-0.8559690489394396,0.4608103690996739,-102.41134549904314,-61.7944910115485,10.074110549810433,-0.3481,-0.7794,-0.5135,0.0878,0
2671468.0,80.627403,1.0,-6.27,-0.27,-8.58,34.06,-21.06,12.19,73.75,-18.25,0.63,-4.992474194299915,-0.8559690489394396,0.4608103690996739,-102.41134549904314,-61.7944910115485,10.074110549810433,-0.3481,-0.7794,-0.5135,0.0878,0
2671501.0,80.692374,1.0,-5.97,0.6,-7.91,34.06,-21.06,12.19,-9.0,44.81,-51.94,-3.827183528619889,-0.19885998856151987,0.6479316975730747,-101.35655120840237,-63.79482577106735,9.717547848465047,-0.3395,-0.7736,-0.5284,0.0847,0
2671501.0,80.692374,1.0,-5.97,0.6,-7.91,34.06,-21.06,12.19,-9.0,44.81,-51.94,-3.827183528619889,-0.19885998856151987,0.6479316975730747,-101.35655120840237,-63.79482577106735,9.717547848465047,-0.3395,-0.7736,-0.5284,0.0847,0
2671538.0,80.743591,1.0,-5.38,4.37,-7.31,34.38,-21.5,13.0,-53.5,44.19,-14.63,-0.23134261558946023,0.6131504771432221,-0.24560979999478683,-100.27771483475883,-65.14957239662155,8.384121213370948,-0.3401,-0.7676,-0.5384,0.0731,0
2671538.0,80.743591,1.0,-5.38,4.37,-7.31,34.38,-21.5,13.0,-53.5,44.19,-14.63,-0.23134261558946023,0.6131504771432221,-0.24560979999478683,-100.27771483475883,-65.14957239662155,8.384121213370948,-0.3401,-0.7676,-0.5384,0.0731,0
2671575.0,80.792939,1.0,-3.33,8.52,-9.0,35.06,-20.37,13.0,-75.12,58.56,-39.31,3.415499448092852,-1.3012922877944892,-2.4945817229537592,-98.20814407664993,-67.173649069206,5.949975106955118,-0.3463,-0.7559,-0.5532,0.0519,0
2671575.0,80.792939,1.0,-3.33,8.52,-9.0,35.06,-20.37,13.0,-75.12,58.56,-39.31,3.415499448092852,-1.3012922877944892,-2.4945817229537592,-98.20814407664993,-67.173649069206,5.949975106955118,-0.3463,-0.7559,-0.5532,0.0519,0
2671609.0,80.79589,1.0,-3.97,7.01,-6.63,35.06,-20.37,13.0,15.56,27.06,-26.12,2.639779172468571,0.3956853858800673,-0.279622799999121,-97.45833109591425,-68.36074272349704,5.536926565771378,-0.3421,-0.7516,-0.5618,0.0483,0
2671609.0,80.79589,1.0,-3.97,7.01,-6.63,35.06,-20.37,13.0,15.56,27.06,-26.12,2.639779172468571,0.3956853858800673,-0.279622799999121,-97.45833109591425,-68.36074272349704,5.536926565771378,-0.3421,-0.7516,-0.5618,0.0483,0
2671644.0,80.832813,1.0,-3.89,4.5,-6.9,33.56,-20.0,14.19,40.06,32.13,-14.06,0.5744919280872933,0.043617720520257475,0.7148868861139359,-97.59740634756899,-69.40285407677956,5.536926565771378,-0.3277,-0.7524,-0.5693,0.0483,0
2671644.0,80.832813,1.0,-3.89,4.5,-6.9,33.56,-20.0,14.19,40.06,32.13,-14.06,0.5744919280872933,0.043617720520257475,0.7148868861139359,-97.59740634756899,-69.40285407677956,5.536926565771378,-0.3277,-0.7524,-0.5693,0.0483,0
2671679.0,80.839714,1.0,-3.09,3.82,-7.31,35.06,-18.87,15.88,3.94,43.63,-5.56,0.16370015155879925,-0.7612809433382883,1.0333807355986409,-97.56261947404963,-70.21327111376787,4.906017344265485,-0.3189,-0.7522,-0.5751,0.0428,0
2671679.0,80.839714,1.0,-3.09,3.82,-7.31,35.06,-18.87,15.88,3.94,43.63,-5.56,0.16370015155879925,-0.7612809433382883,1.0333807355986409,-97.56261947404963,-70.21327111376787,4.906017344265485,-0.3189,-0.7522,-0.5751,0.0428,0
2671716.0,80.908886,1.0,-2.91,4.43,-7.27,33.25,-19.56,15.88,0.12,32.81,6.31,0.736192246893091,-0.603814340572111,0.8601797900381989,-97.96340007132606,-70.42351668923327,3.8510012195838605,-0.3115,-0.7545,-0.5766,0.0336,0
2671716.0,80.908886,1.0,-2.91,4.43,-7.27,33.25,-19.56,15.88,0.12,32.81,6.31,0.736192246893091,-0.603814340572111,0.8601797900381989,-97.96340007132606,-70.42351668923327,3.8510012195838605,-0.3115,-0.7545,-0.5766,0.0336,0
2671751.0,81.015567,1.0,-2.66,6.15,-7.54,33.25,-19.56,15.88,4.94,18.56,24.31,2.2158981206636406,-0.518115972543951,-0.020407105656516933,-98.80505247705543,-69.98930763271481,3.1172748668896637,-0.3062,-0.7593,-0.5735,0.0272,0
2671751.0,81.015567,1.0,-2.66,6.15,-7.54,33.25,-19.56,15.88,4.94,18.56,24.31,2.2158981206636406,-0.518115972543951,-0.020407105656516933,-98.80505247705543,-69.98930763271481,3.1172748668896637,-0.3062,-0.7593,-0.5735,0.0272,0
2671788.0,81.018339,1.0,-3.8,6.02,-7.75,33.56,-18.87,17.0,68.81,-30.25,75.56,1.69591398449417,0.5092924122228757,-0.5667485268112262,-101.04963023736497,-68.08393507833873,3.713416405127687,-0.2997,-0.7719,-0.5598,0.0324,0
2671788.0,81.018339,1.0,-3.8,6.02,-7.75,33.56,-18.87,17.0,68.81,-30.25,75.56,1.69591398449417,0.5092924122228757,-0.5667485268112262,-101.04963023736497,-68.08393507833873,3.713416405127687,-0.2997,-0.7719,-0.5598,0.0324,0
2671822.0,81.055843,1.0,-3.11,2.51,-8.71,32.88,-19.56,18.19,77.12,-30.94,54.13,-1.0951525644886935,-1.221029872780093,0.364932629189088,-104.29629314706912,-65.3672776925159,5.651654820273722,-0.2874,-0.7896,-0.54,0.0493,0
2671822.0,81.055843,1.0,-3.11,2.51,-8.71,32.88,-19.56,18.19,77.12,-30.94,54.13,-1.0951525644886935,-1.221029872780093,0.364932629189088,-104.29629314706912,-65.3672776925159,5.651654820273722,-0.2874,-0.7896,-0.54,0.0493,0
2671857.0,81.070993,1.0,-5.39,3.52,-7.67,32.88,-19.56,18.19,53.81,-17.62,27.19,-0.8042552643637335,1.4236217778441802,-0.07251365404435539,-105.36720117412767,-64.4032127251192,6.6156073036906555,-0.2831,-0.7953,-0.5329,0.0577,0
2671857.0,81.070993,1.0,-5.39,3.52,-7.67,32.88,-19.56,18.19,53.81,-17.62,27.19,-0.8042552643637335,1.4236217778441802,-0.07251365404435539,-105.36720117412767,-64.4032127251192,6.6156073036906555,-0.2831,-0.7953,-0.5329,0.0577,0
2671892.0,81.119462,1.0,-4.14,2.37,-8.58,32.06,-19.56,19.87,58.31,-13.25,50.5,-1.2649655464513723,-0.30276851393170645,0.07622897142869789,-108.03568547430402,-62.24907679766711,7.878645873813734,-0.2707,-0.8092,-0.5169,0.0687,0
2671892.0,81.119462,1.0,-4.14,2.37,-8.58,32.06,-19.56,19.87,58.31,-13.25,50.5,-1.2649655464513723,-0.30276851393170645,0.07622897142869789,-108.03568547430402,-62.24907679766711,7.878645873813734,-0.2707,-0.8092,-0.5169,0.0687,0
2671929.0,81.17922,1.0,-4.79,1.96,-8.8,32.88,-20.0,19.0,41.38,-6.81,11.06,-1.847288317983657,-0.043062085330699995,-0.2338366180403888,-109.25386439900599,-61.15455226396579,8.671395302011163,-0.2659,-0.8154,-0.5087,0.0756,0
2671929.0,81.17922,1.0,-4.79,1.96,-8.8,32.88,-20.0,19.0,41.38,-6.81,11.06,-1.847288317983657,-0.043062085330699995,-0.2338366180403888,-109.25386439900599,-61.15455226396579,8.671395302011163,-0.2659,-0.8154,-0.5087,0.0756,0
2671964.0,81.243754,1.0,-3.97,2.07,-9.05,32.88,-20.0,19.0,6.19,15.63,-24.94,-1.2817341370977302,-0.6437947273131899,-0.18789781122598193,-109.01667267342908,-61.92808029086676,8.76333445653462,-0.2579,-0.8142,-0.5145,0.0764,0
2671964.0,81.243754,1.0,-3.97,2.07,-9.05,32.88,-20.0,19.0,6.19,15.63,-24.94,-1.2817341370977302,-0.6437947273131899,-0.18789781122598193,-109.01667267342908,-61.92808029086676,8.76333445653462,-0.2579,-0.8142,-0.5145,0.0764,0
2671998.0,81.246947,1.0,-1.98,-1.84,-7.79,31.0,-20.0,19.0,-24.75,85.75,-25.25,-3.722175198101347,-2.6663894577978864,2.9491082353453013,-108.2309531214748,-63.44422897307763,7.499640647274436,-0.2504,-0.8102,-0.5258,0.0654,0
2671998.0,81.246947,1.0,-1.98,-1.84,-7.79,31.0,-20.0,19.0,-24.75,85.75,-25.25,-3.722175198101347,-2.6663894577978864,2.9491082353453013,-108.2309531214748,-63.44422897307763,7.499640647274436,-0.2504,-0.8102,-0.5258,0.0654,0
2672035.0,81.288056,1.0,-1.4,2.69,-11.24,31.37,-20.37,19.87,-75.25,8.5,118.56,-0.7890558831068823,-2.8315291063587704,-1.4580530024398541,-110.26975406580355,-61.71438217106357,2.922401528803222,-0.2512,-0.8205,-0.5129,0.0255,0
2672035.0,81.288056,1.0,-1.4,2.69,-11.24,31.37,-20.37,19.87,-75.25,8.5,118.56,-0.7890558831068823,-2.8315291063587704,-1.4580530024398541,-110.26975406580355,-61.71438217106357,2.922401528803222,-0.2512,-0.8205,-0.5129,0.0255,0
2672070.0,81.295594,1.0,0.59,2.3,-8.28,29.06,-21.06,21.5,-32.38,-15.44,21.44,0.36728537356557767,-3.380103536919031,1.8923274431368906,-111.60396041024362,-59.65626789743028,2.4982938949536853,-0.2607,-0.8271,-0.4974,0.0218,0
2672070.0,81.295594,1.0,0.59,2.3,-8.28,29.06,-21.06,21.5,-32.38,-15.44,21.44,0.36728537356557767,-3.380103536919031,1.8923274431368906,-111.60396041024362,-59.65626789743028,2.4982938949536853,-0.2607,-0.8271,-0.4974,0.0218,0
2672105.0,81.38154,1.0,0.59,5.35,-7.17,29.06,-21.06,21.5,-90.25,-54.13,17.75,2.851521955344986,-2.1487858904607435,1.582840558193709,-110.28980246010525,-58.97056807924402,2.085681528609333,-0.2897,-0.8206,-0.4922,0.0182,0
2672105.0,81.38154,1.0,0.59,5.35,-7.17,29.06,-21.06,21.5,-90.25,-54.13,17.75,2.851521955344986,-2.1487858904607435,1.582840558193709,-110.28980246010525,-58.97056807924402,2.085681528609333,-0.2897,-0.8206,-0.4922,0.0182,0
2672140.0,81.441006,1.0,-0.5,8.1,-5.91,28.37,-23.37,20.19,-44.13,-54.31,27.37,4.664641134977469,0.04553561507108572,0.9169284301398797,-109.92969787688709,-57.76304149781659,2.280522559802512,-0.3097,-0.8188,-0.483,0.0199,0
2672140.0,81.441006,1.0,-0.5,8.1,-5.91,28.37,-23.37,20.19,-44.13,-54.31,27.37,4.664641134977469,0.04553561507108572,0.9169284301398797,-109.92969787688709,-57.76304149781659,2.280522559802512,-0.3097,-0.8188,-0.483,0.0199,0
2672177.0,81.444569,1.0,0.11,6.91,-6.47,28.0,-25.19,16.69,3.0,-60.38,34.81,3.896271185791481,-1.2153698351317836,1.2648090385548176,-110.85321906669195,-55.65355458403448,3.5070491615651807,-0.3211,-0.8234,-0.4668,0.0306,0
2672177.0,81.444569,1.0,0.11,6.91,-6.47,28.0,-25.19,16.69,3.0,-60.38,34.81,3.896271185791481,-1.2153698351317836,1.2648090385548176,-110.85321906669195,-55.65355458403448,3.5070491615651807,-0.3211,-0.8234,-0.4668,0.0306,0
2672211.0,81.4874,1.0,0.58,6.33,-6.99,28.0,-25.19,16.69,23.56,-84.19,63.25,3.714063723107707,-2.0647028272454397,1.3681588495715076,-112.21802358107666,-53.4488757843294,5.07806793226336,-0.3265,-0.8301,-0.4497,0.0443,0
2672211.0,81.4874,1.0,0.58,6.33,-6.99,28.0,-25.19,16.69,23.56,-84.19,63.25,3.714063723107707,-2.0647028272454397,1.3681588495715076,-112.21802358107666,-53.4488757843294,5.07806793226336,-0.3265,-0.8301,-0.4497,0.0443,0
2672246.0,81.503985,1.0,0.15,5.65,-6.79,27.56,-25.56,15.5,74.37,-117.12,127.81,3.2682263417068316,-1.7271609503192669,1.7826415484175957,-116.24952660685352,-48.02049166769566,8.142851840335263,-0.329,-0.8492,-0.4069,0.071,0
2672246.0,81.503985,1.0,0.15,5.65,-6.79,27.56,-25.56,15.5,74.37,-117.12,127.81,3.2682263417068316,-1.7271609503192669,1.7826415484175957,-116.24952660685352,-48.02049166769566,8.142851840335263,-0.329,-0.8492,-0.4069,0.071,0
2672281.0,81.507217,1.0,-0.05,1.35,-6.24,27.56,-27.06,14.19,86.37,-121.19,173.75,0.5490404082512017,-3.197151699484457,4.307615935676428,-122.35085755126809,-40.05852194281655,11.31711591010567,-0.3248,-0.8761,-0.3425,0.0986,0
2672281.0,81.507217,1.0,-0.05,1.35,-6.24,27.56,-27.06,14.19,86.37,-121.19,173.75,0.5490404082512017,-3.197151699484457,4.307615935676428,-122.35085755126809,-40.05852194281655,11.31711591010567,-0.3248,-0.8761,-0.3425,0.0986,0
2672318.0,81.560334,1.0,1.53,1.96,-6.99,25.37,-29.0,12.69,12.75,-128.69,233.94,2.450530106041728,-4.03377203429445,4.082474480789643,-126.50536109240298,-32.795047946580326,12.711338126294772,-0.3326,-0.893,-0.2823,0.1107,0
2672318.0,81.560334,1.0,1.53,1.96,-6.99,25.37,-29.0,12.69,12.75,-128.69,233.94,2.450530106041728,-4.03377203429445,4.082474480789643,-126.50536109240298,-32.795047946580326,12.711338126294772,-0.3326,-0.893,-0.2823,0.1107,0
2672353.0,81.65317,1.0,1.95,3.42,-6.44,25.37,-29.0,12.69,-13.0,-175.81,282.44,3.860746509958711,-2.6308069105672773,3.8782445326628388,-130.10645331555745,-20.716221183013424,14.777398324484167,-0.3591,-0.9067,-0.1798,0.1286,0
2672353.0,81.65317,1.0,1.95,3.42,-6.44,25.37,-29.0,12.69,-13.0,-175.81,282.44,3.860746509958711,-2.6308069105672773,3.8782445326628388,-130.10645331555745,-20.716221183013424,14.777398324484167,-0.3591,-0.9067,-0.1798,0.1286,0
2672390.0,81.711722,1.0,1.38,4.03,-4.15,19.37,-31.87,10.19,-28.81,-186.63,327.88,3.1768992252402763,-0.2542324491753134,4.785646397685612,-130.87269286132403,-10.200656128703407,16.2808838756779,-0.3807,-0.9095,-0.0889,0.1416,0
2672390.0,81.711722,1.0,1.38,4.03,-4.15,19.37,-31.87,10.19,-28.81,-186.63,327.88,3.1768992252402763,-0.2542324491753134,4.785646397685612,-130.87269286132403,-10.200656128703407,16.2808838756779,-0.3807,-0.9095,-0.0889,0.1416,0
2672427.0,81.719459,1.0,0.9,4.46,-3.01,12.38,-34.69,7.75,-85.69,-157.56,281.63,2.1128829952083708,0.8258051874505017,4.84525188646999,-127.24853393391233,2.6243761106355543,17.42772752447945,-0.4171,-0.8959,0.0229,0.1515,0
2672427.0,81.719459,1.0,0.9,4.46,-3.01,12.38,-34.69,7.75,-85.69,-157.56,281.63,2.1128829952083708,0.8258051874505017,4.84525188646999,-127.24853393391233,2.6243761106355543,17.42772752447945,-0.4171,-0.8959,0.0229,0.1515,0
2672461.0,81.722391,1.0,1.31,5.92,-0.72,12.38,-34.69,7.75,-139.5,-161.75,259.06,1.3553816149187634,3.257601681260279,4.823491166068412,-121.47748834883794,10.937173775974523,18.448619433327217,-0.4518,-0.8724,0.0953,0.1603,0
2672461.0,81.722391,1.0,1.31,5.92,-0.72,12.38,-34.69,7.75,-139.5,-161.75,259.06,1.3553816149187634,3.257601681260279,4.823491166068412,-121.47748834883794,10.937173775974523,18.448619433327217,-0.4518,-0.8724,0.0953,0.1603,0
2672496.0,81.765158,1.0,0.39,9.29,1.34,4.5,-34.69,4.06,-153.38,-141.56,271.06,-1.5435325248040348,5.135648023745299,2.0933869602046453,-111.38001462419376,21.34558610673021,19.41286014518169,-0.5049,-0.826,0.1852,0.1686,0
2672496.0,81.765158,1.0,0.39,9.29,1.34,4.5,-34.69,4.06,-153.38,-141.56,271.06,-1.5435325248040348,5.135648023745299,2.0933869602046453,-111.38001462419376,21.34558610673021,19.41286014518169,-0.5049,-0.826,0.1852,0.1686,0
2672533.0,81.777896,1.0,-1.02,9.14,2.73,-0.5,-31.0,0.25,-88.94,-115.31,302.94,-4.748035195646133,3.803334403281659,2.3888532113490886,-102.11916897408958,32.592035674709635,17.972797887176398,-0.5402,-0.7778,0.2806,0.1562,0
2672533.0,81.777896,1.0,-1.02,9.14,2.73,-0.5,-31.0,0.25,-88.94,-115.31,302.94,-4.748035195646133,3.803334403281659,2.3888532113490886,-102.11916897408958,32.592035674709635,17.972797887176398,-0.5402,-0.7778,0.2806,0.1562,0
2672568.0,81.785764,1.0,1.38,7.38,4.64,-1.75,-26.5,-2.69,-72.06,-39.88,331.31,-4.447605760903155,5.319418211606227,4.34578991338241,-95.71869958125956,40.79119166160576,14.638747929971785,-0.559,-0.7415,0.3485,0.1274,0
2672568.0,81.785764,1.0,1.38,7.38,4.64,-1.75,-26.5,-2.69,-72.06,-39.88,331.31,-4.447605760903155,5.319418211606227,4.34578991338241,-95.71869958125956,40.79119166160576,14.638747929971785,-0.559,-0.7415,0.3485,0.1274,0
2672603.0,81.931296,1.0,4.98,11.65,2.54,-1.75,-26.5,-2.69,-111.69,38.13,285.44,-3.750391647441905,4.542465550778065,-1.6944399140382576,-86.20411602380803,48.57304992918911,8.889760035755181,-0.5984,-0.6833,0.4113,0.0775,0
2672603.0,81.931296,1.0,4.98,11.65,2.54,-1.75,-26.5,-2.69,-111.69,38.13,285.44,-3.750391647441905,4.542465550778065,-1.6944399140382576,-86.20411602380803,48.57304992918911,8.889760035755181,-0.5984,-0.6833,0.4113,0.0775,0
2672640.0,82.015846,1.0,5.63,5.44,2.32,4.5,-27.69,-0.19,-9.81,62.81,260.06,-0.9192026510433718,4.4562422110991715,3.026541457923935,-81.38512714905085,52.795499446887185,3.335085177891311,-0.6134,-0.652,0.4446,0.0291,0
2672640.0,82.015846,1.0,5.63,5.44,2.32,4.5,-27.69,-0.19,-9.81,62.81,260.06,-0.9192026510433718,4.4562422110991715,3.026541457923935,-81.38512714905085,52.795499446887185,3.335085177891311,-0.6134,-0.652,0.4446,0.0291,0
2672676.0,82.059433,1.0,7.15,5.71,5.69,-0.25,-46.06,6.69,-77.5,75.25,292.13,-3.2732041905319234,6.760525811877062,2.081099852985985,-73.36782485981517,59.11542551802431,-4.2293886949276756,-0.6312,-0.5974,0.4933,-0.0369,0
2672676.0,82.059433,1.0,7.15,5.71,5.69,-0.25,-46.06,6.69,-77.5,75.25,292.13,-3.2732041905319234,6.760525811877062,2.081099852985985,-73.36782485981517,59.11542551802431,-4.2293886949276756,-0.6312,-0.5974,0.4933,-0.0369,0
2672711.0,82.06715,1.0,9.75,7.63,6.4,-0.25,-46.06,6.69,-107.5,154.44,240.69,-4.336448955598702,6.537478426720302,-1.712724387337774,-66.1586995980381,61.594281596490234,-9.740549010662079,-0.6579,-0.5458,0.512,-0.0849,0
2672711.0,82.06715,1.0,9.75,7.63,6.4,-0.25,-46.06,6.69,-107.5,154.44,240.69,-4.336448955598702,6.537478426720302,-1.712724387337774,-66.1586995980381,61.594281596490234,-9.740549010662079,-0.6579,-0.5458,0.512,-0.0849,0
2672746.0,82.085067,1.0,11.36,7.25,6.93,-37.56,-49.56,2.19,-105.31,184.38,197.25,-3.9853143979059213,5.235846859817313,-3.8439974868551534,-57.031458307191315,61.181174075769505,-16.628233533749977,-0.7015,-0.4774,0.5089,-0.1446,0
2672746.0,82.085067,1.0,11.36,7.25,6.93,-37.56,-49.56,2.19,-105.31,184.38,197.25,-3.9853143979059213,5.235846859817313,-3.8439974868551534,-57.031458307191315,61.181174075769505,-16.628233533749977,-0.7015,-0.4774,0.5089,-0.1446,0
2672783.0,82.08824,1.0,12.96,8.14,8.56,-61.56,-23.06,-15.0,-60.13,166.69,214.5,-5.421437261781193,3.812876890339391,-6.4280285565863995,-49.02603833164671,60.45039656824655,-24.209544126742898,-0.7284,-0.4149,0.5034,-0.2097,0
2672783.0,82.08824,1.0,12.96,8.14,8.56,-61.56,-23.06,-15.0,-60.13,166.69,214.5,-5.421437261781193,3.812876890339391,-6.4280285565863995,-49.02603833164671,60.45039656824655,-24.209544126742898,-0.7284,-0.4149,0.5034,-0.2097,0
2672820.0,82.127632,1.0,15.34,6.32,7.0,-59.69,1.37,-28.87,8.81,232.69,161.56,-2.377832157564992,1.6806871801273875,-7.963527400155725,-44.469220271844826,57.76304149781659,-30.57944178497209,-0.7443,-0.3784,0.483,-0.2637,0
2672820.0,82.127632,1.0,15.34,6.32,7.0,-59.69,1.37,-28.87,8.81,232.69,161.56,-2.377832157564992,1.6806871801273875,-7.963527400155725,-44.469220271844826,57.76304149781659,-30.57944178497209,-0.7443,-0.3784,0.483,-0.2637,0
2672855.0,82.134799,1.0,16.92,4.28,4.99,-59.69,1.37,-28.87,-0.25,236.63,115.56,1.2416953024952841,-1.884993438578877,-8.204732304317341,-39.31538744994931,51.79977218612413,-37.89480115121914,-0.7685,-0.3364,0.4368,-0.3247,0
2672855.0,82.134799,1.0,16.92,4.28,4.99,-59.69,1.37,-28.87,-0.25,236.63,115.56,1.2416953024952841,-1.884993438578877,-8.204732304317341,-39.31538744994931,51.79977218612413,-37.89480115121914,-0.7685,-0.3364,0.4368,-0.3247,0
2672889.0,82.15268,1.0,16.06,5.93,5.48,-39.06,11.5,-35.56,-14.56,165.94,113.5,-0.6886011345795877,-4.007963223014684,-7.702803426090076,-35.56446095223015,48.72395587995984,-42.11442571308733,-0.7794,-0.3054,0.4125,-0.3593,0
2672889.0,82.15268,1.0,16.06,5.93,5.48,-39.06,11.5,-35.56,-14.56,165.94,113.5,-0.6886011345795877,-4.007963223014684,-7.702803426090076,-35.56446095223015,48.72395587995984,-42.11442571308733,-0.7794,-0.3054,0.4125,-0.3593,0
2672928.0,82.155831,1.0,14.93,5.76,4.08,-23.56,10.56,-36.56,28.31,163.69,109.5,-0.6740846134549483,-6.448676014966687,-5.381802442164625,-31.63808150954527,44.506361779453115,-47.95777627551156,-0.7856,-0.2726,0.3787,-0.4064,0
2672928.0,82.155831,1.0,14.93,5.76,4.08,-23.56,10.56,-36.56,28.31,163.69,109.5,-0.6740846134549483,-6.448676014966687,-5.381802442164625,-31.63808150954527,44.506361779453115,-47.95777627551156,-0.7856,-0.2726,0.3787,-0.4064,0
2672963.0,82.196787,1.0,14.44,5.52,3.37,-23.56,10.56,-36.56,48.56,137.06,95.12,-0.6353359872544759,-7.661931739592102,-4.022017694363422,-29.641988140572543,41.096983557102725,-52.28433952334371,-0.7857,-0.2558,0.351,-0.4406,0
2672963.0,82.196787,1.0,14.44,5.52,3.37,-23.56,10.56,-36.56,48.56,137.06,95.12,-0.6353359872544759,-7.661931739592102,-4.022017694363422,-29.641988140572543,41.096983557102725,-52.28433952334371,-0.7857,-0.2558,0.351,-0.4406,0
2672998.0,82.278026,1.0,13.73,4.05,3.69,-13.56,9.06,-33.88,86.81,78.37,62.13,0.04854027811147921,-7.123649669098609,-3.1464484414290688,-29.09706672256259,37.32584976988496,-57.005377440065516,-0.779,-0.2512,0.32,-0.4772,0
2672998.0,82.278026,1.0,13.73,4.05,3.69,-13.56,9.06,-33.88,86.81,78.37,62.13,0.04854027811147921,-7.123649669098609,-3.1464484414290688,-29.09706672256259,37.32584976988496,-57.005377440065516,-0.779,-0.2512,0.32,-0.4772,0
2673033.0,82.318849,1.0,13.32,2.63,2.88,-6.56,5.75,-31.19,85.25,63.19,21.62,1.4337956675847061,-7.236376425268919,-1.9497434187074418,-30.128257166842044,33.8955603834521,-59.90739833750701,-0.7734,-0.2599,0.2915,-0.4993,0
2673033.0,82.318849,1.0,13.32,2.63,2.88,-6.56,5.75,-31.19,85.25,63.19,21.62,1.4337956675847061,-7.236376425268919,-1.9497434187074418,-30.128257166842044,33.8955603834521,-59.90739833750701,-0.7734,-0.2599,0.2915,-0.4993,0
2673070.0,82.33504,1.0,12.52,1.81,1.28,-4.19,2.56,-30.06,49.25,18.81,-7.94,2.3318107199950084,-7.663445074473163,-0.06751671707792006,-30.98354512892485,32.12669742786024,-60.67598162091822,-0.7726,-0.2671,0.2767,-0.5051,0
2673070.0,82.33504,1.0,12.52,1.81,1.28,-4.19,2.56,-30.06,49.25,18.81,-7.94,2.3318107199950084,-7.663445074473163,-0.06751671707792006,-30.98354512892485,32.12669742786024,-60.67598162091822,-0.7726,-0.2671,0.2767,-0.5051,0
2673102.0,82.338039,1.0,11.12,2.08,2.39,-4.19,2.56,-30.06,34.81,-49.63,-23.75,1.5708864196325587,-5.774882630653139,-0.08657730249308848,-33.09378799906577,32.34140081327868,-59.94707947928739,-0.7692,-0.2848,0.2785,-0.4996,0
2673102.0,82.338039,1.0,11.12,2.08,2.39,-4.19,2.56,-30.06,34.81,-49.63,-23.75,1.5708864196325587,-5.774882630653139,-0.08657730249308848,-33.09378799906577,32.34140081327868,-59.94707947928739,-0.7692,-0.2848,0.2785,-0.4996,0
2673139.0,82.354095,1.0,9.5,2.59,4.51,-2.69,1.37,-30.37,22.94,-94.87,-38.44,0.31996458373376657,-2.9361054851670856,-0.6132879674318499,-35.311834064537926,33.703938528301116,-58.431552820506084,-0.7653,-0.3033,0.2899,-0.4881,0
2673139.0,82.354095,1.0,9.5,2.59,4.51,-2.69,1.37,-30.37,22.94,-94.87,-38.44,0.31996458373376657,-2.9361054851670856,-0.6132879674318499,-35.311834064537926,33.703938528301116,-58.431552820506084,-0.7653,-0.3033,0.2899,-0.4881,0
2673176.0,82.38243,1.0,8.69,2.51,5.48,-4.88,0.75,-32.5,30.25,-109.31,-44.94,0.07872779483090064,-0.9268323709616288,-0.7281202248534466,-38.719689385129655,35.82930943898928,-55.8609742090792,-0.759,-0.3315,0.3076,-0.4684,0
2673176.0,82.38243,1.0,8.69,2.51,5.48,-4.88,0.75,-32.5,30.25,-109.31,-44.94,0.07872779483090064,-0.9268323709616288,-0.7281202248534466,-38.719689385129655,35.82930943898928,-55.8609742090792,-0.759,-0.3315,0.3076,-0.4684,0
2673211.0,82.479719,1.0,7.27,2.21,6.71,-4.88,0.75,-32.5,37.56,-109.25,-44.56,-0.29948596589463783,1.4840156076175235,-0.21677784842489878,-41.56237468767145,37.41052638436744,-53.872648737562294,-0.7524,-0.3548,0.3207,-0.453,0
2673211.0,82.479719,1.0,7.27,2.21,6.71,-4.88,0.75,-32.5,37.56,-109.25,-44.56,-0.29948596589463783,1.4840156076175235,-0.21677784842489878,-41.56237468767145,37.41052638436744,-53.872648737562294,-0.7524,-0.3548,0.3207,-0.453,0
2673246.0,82.490921,1.0,6.4,2.32,6.82,-7.88,-1.0,-34.69,30.69,-71.62,-40.69,-0.6495701226987884,2.5573861309806762,0.5388220542100708,-44.82846183777319,38.86547335701747,-51.59604173997076,-0.7446,-0.3813,0.3327,-0.4352,0
2673246.0,82.490921,1.0,6.4,2.32,6.82,-7.88,-1.0,-34.69,30.69,-71.62,-40.69,-0.6495701226987884,2.5573861309806762,0.5388220542100708,-44.82846183777319,38.86547335701747,-51.59604173997076,-0.7446,-0.3813,0.3327,-0.4352,0
2673281.0,82.494125,1.0,6.35,1.91,6.19,-11.69,-2.0,-35.56,29.81,-40.0,-38.31,-0.030647571292701015,2.5208770394903475,1.0928138942343981,-47.11885074218369,39.108592274648124,-50.03562494735927,-0.7413,-0.3997,0.3347,-0.4229,0
2673281.0,82.494125,1.0,6.35,1.91,6.19,-11.69,-2.0,-35.56,29.81,-40.0,-38.31,-0.030647571292701015,2.5208770394903475,1.0928138942343981,-47.11885074218369,39.108592274648124,-50.03562494735927,-0.7413,-0.3997,0.3347,-0.4229,0
2673317.0,82.537662,1.0,6.69,1.57,5.58,-12.75,-4.19,-36.38,18.25,-11.5,-25.44,0.6325504143615757,2.1035475621120363,1.2315483896851962,-48.17107106166801,38.86547335701747,-49.32848435315842,-0.7407,-0.4081,0.3327,-0.4173,0
2673317.0,82.537662,1.0,6.69,1.57,5.58,-12.75,-4.19,-36.38,18.25,-11.5,-25.44,0.6325504143615757,2.1035475621120363,1.2315483896851962,-48.17107106166801,38.86547335701747,-49.32848435315842,-0.7407,-0.4081,0.3327,-0.4173,0
2673352.0,82.554493,1.0,7.2,2.26,4.99,-12.75,-4.19,-36.38,6.44,-0.88,-5.75,0.3946276167729075,1.232935912715306,0.8527772021980891,-48.63591649318546,38.634678836735524,-49.101615618880196,-0.7405,-0.4118,0.3308,-0.4155,0
2673352.0,82.554493,1.0,7.2,2.26,4.99,-12.75,-4.19,-36.38,6.44,-0.88,-5.75,0.3946276167729075,1.232935912715306,0.8527772021980891,-48.63591649318546,38.634678836735524,-49.101615618880196,-0.7405,-0.4118,0.3308,-0.4155,0
2673389.0,82.640955,1.0,7.03,3.24,5.12,-14.25,-3.88,-38.0,6.5,-6.31,7.56,-0.5861683227586547,1.1243232714521743,0.612891036514748,-48.77427785199285,38.719689385129655,-49.265444614968224,-0.7388,-0.4129,0.3315,-0.4168,0
2673389.0,82.640955,1.0,7.03,3.24,5.12,-14.25,-3.88,-38.0,6.5,-6.31,7.56,-0.5861683227586547,1.1243232714521743,0.612891036514748,-48.77427785199285,38.719689385129655,-49.265444614968224,-0.7388,-0.4129,0.3315,-0.4168,0
2673426.0,82.736671,1.0,6.68,3.04,5.64,-14.25,-6.06,-37.56,10.94,-3.31,2.63,-0.6318172866871441,1.814774939689108,0.7523140864986839,-49.101615618880196,38.731835557081176,-49.45461164689416,-0.7365,-0.4155,0.3316,-0.4183,0
2673426.0,82.736671,1.0,6.68,3.04,5.64,-14.25,-6.06,-37.56,10.94,-3.31,2.63,-0.6318172866871441,1.814774939689108,0.7523140864986839,-49.101615618880196,38.731835557081176,-49.45461164689416,-0.7365,-0.4155,0.3316,-0.4183,0
2673459.0,82.791983,1.0,6.73,2.49,5.5,-14.25,-6.06,-37.56,14.5,10.5,3.94,-0.06916010400371875,1.8385745392599881,0.9546524546095139,-49.290658600791176,38.45258771550743,-49.744947580836644,-0.7354,-0.417,0.3293,-0.4206,0
2673459.0,82.791983,1.0,6.73,2.49,5.5,-14.25,-6.06,-37.56,14.5,10.5,3.94,-0.06916010400371875,1.8385745392599881,0.9546524546095139,-49.290658600791176,38.45258771550743,-49.744947580836644,-0.7354,-0.417,0.3293,-0.4206,0
2673494.0,82.81058,1.0,7.4,2.49,4.77,-15.06,-6.06,-38.38,11.81,24.62,11.19,0.3438437304972828,0.8594174310375742,0.7041133662793477,-49.16461408793033,37.73733524113148,-50.61801634307628,-0.7346,-0.416,0.3234,-0.4275,0
2673494.0,82.81058,1.0,7.4,2.49,4.77,-15.06,-6.06,-38.38,11.81,24.62,11.19,0.3438437304972828,0.8594174310375742,0.7041133662793477,-49.16461408793033,37.73733524113148,-50.61801634307628,-0.7346,-0.416,0.3234,-0.4275,0
2673528.0,82.813998,1.0,7.9,2.7,4.44,-12.75,-6.06,-37.19,9.69,28.5,18.94,0.3965768390589943,0.2091231065918473,0.36140811124927374,-48.8371944099726,37.16864920912381,-51.50696474252449,-0.734,-0.4134,0.3187,-0.4345,0
2673528.0,82.813998,1.0,7.9,2.7,4.44,-12.75,-6.06,-37.19,9.69,28.5,18.94,0.3965768390589943,0.2091231065918473,0.36140811124927374,-48.8371944099726,37.16864920912381,-51.50696474252449,-0.734,-0.4134,0.3187,-0.4345,0
2673565.0,82.853524,1.0,8.16,2.77,4.24,-12.5,-5.38,-36.38,8.81,29.81,21.31,0.41508598726493773,-0.2547431557651696,0.21504379729509893,-48.284063664687984,36.48023552286196,-52.82108707040817,-0.7327,-0.409,0.313,-0.4448,0
2673565.0,82.853524,1.0,8.16,2.77,4.24,-12.5,-5.38,-36.38,8.81,29.81,21.31,0.41508598726493773,-0.2547431557651696,0.21504379729509893,-48.284063664687984,36.48023552286196,-52.82108707040817,-0.7327,-0.409,0.313,-0.4448,0
2673600.0,82.860562,1.0,8.43,2.87,3.99,-12.5,-5.38,-36.38,4.13,26.31,19.0,0.41190538101109353,-0.7356311378329783,0.08496903495364272,-47.81985609667796,36.03410062770514,-53.71845771367623,-0.7321,-0.4053,0.3093,-0.4518,0
2673600.0,82.860562,1.0,8.43,2.87,3.99,-12.5,-5.38,-36.38,4.13,26.31,19.0,0.41190538101109353,-0.7356311378329783,0.08496903495364272,-47.81985609667796,36.03410062770514,-53.71845771367623,-0.7321,-0.4053,0.3093,-0.4518,0
2673637.0,82.917014,1.0,8.56,2.81,4.02,-11.25,-6.06,-35.56,-3.63,22.19,12.63,0.4355307306523992,-0.850228480795526,-0.012592563105442878,-47.343968530185975,35.841352697842,-54.5807150517794,-0.7307,-0.4015,0.3077,-0.4585,0
2673637.0,82.917014,1.0,8.56,2.81,4.02,-11.25,-6.06,-35.56,-3.63,22.19,12.63,0.4355307306523992,-0.850228480795526,-0.012592563105442878,-47.343968530185975,35.841352697842,-54.5807150517794,-0.7307,-0.4015,0.3077,-0.4585,0
2673672.0,82.974814,1.0,8.58,2.94,3.97,-10.19,-5.0,-34.75,-8.5,17.37,7.94,0.265736555891783,-0.9532856495665942,-0.044315970563149065,-47.1313522186008,36.01000138130928,-54.87748419254249,-0.7296,-0.3998,0.3091,-0.4608,0
2673672.0,82.974814,1.0,8.58,2.94,3.97,-10.19,-5.0,-34.75,-8.5,17.37,7.94,0.265736555891783,-0.9532856495665942,-0.044315970563149065,-47.1313522186008,36.01000138130928,-54.87748419254249,-0.7296,-0.3998,0.3091,-0.4608,0
2673707.0,82.981904,1.0,8.5,2.95,3.99,-10.19,-5.0,-34.75,-13.81,12.56,3.19,0.1661886541453006,-0.9091701741002967,0.007752565810791978,-46.88143541316104,36.32342057290312,-54.92913690533025,-0.7293,-0.3978,0.3117,-0.4612,0
2673707.0,82.981904,1.0,8.5,2.95,3.99,-10.19,-5.0,-34.75,-13.81,12.56,3.19,0.1661886541453006,-0.9091701741002967,0.007752565810791978,-46.88143541316104,36.32342057290312,-54.92913690533025,-0.7293,-0.3978,0.3117,-0.4612,0
2673741.0,82.998989,1.0,8.61,3.14,3.89,-10.19,-6.06,-35.19,-16.0,8.56,2.94,0.011018087338717564,-1.0945158516058469,-0.08909219815445901,-46.681672051659035,36.57677217345314,-54.82584356552155,-0.7298,-0.3962,0.3138,-0.4604,0
2673741.0,82.998989,1.0,8.61,3.14,3.89,-10.19,-6.06,-35.19,-16.0,8.56,2.94,0.011018087338717564,-1.0945158516058469,-0.08909219815445901,-46.681672051659035,36.57677217345314,-54.82584356552155,-0.7298,-0.3962,0.3138,-0.4604,0
2673778.0,83.001738,1.0,8.48,3.23,4.35,-8.0,-4.56,-34.38,-12.31,1.19,7.56,-0.21939699181930883,-0.6550480489344634,-0.23270142395004179,-46.46958798664574,36.97527104810168,-54.73550149260234,-0.7298,-0.3945,0.3171,-0.4597,0
2673778.0,83.001738,1.0,8.48,3.23,4.35,-8.0,-4.56,-34.38,-12.31,1.19,7.56,-0.21939699181930883,-0.6550480489344634,-0.23270142395004179,-46.46958798664574,36.97527104810168,-54.73550149260234,-0.7298,-0.3945,0.3171,-0.4597,0
2673813.0,83.00467,1.0,8.5,3.36,4.35,-8.0,-4.56,-34.38,-12.06,0.5,6.56,-0.3861354808017816,-0.7267906330264415,-0.2821940748289382,-46.12063959224854,37.217010874688526,-54.787121015133735,-0.7301,-0.3917,0.3191,-0.4601,0
2673813.0,83.00467,1.0,8.5,3.36,4.35,-8.0,-4.56,-34.38,-12.06,0.5,6.56,-0.3861354808017816,-0.7267906330264415,-0.2821940748289382,-46.12063959224854,37.217010874688526,-54.787121015133735,-0.7301,-0.3917,0.3191,-0.4601,0
2673846.0,83.047161,1.0,8.34,3.56,4.42,-8.75,-3.88,-34.0,-15.69,-6.63,-2.38,-0.6306969818152766,-0.5976748478552587,-0.243753280136092,-46.232752066659124,37.56783922201158,-54.27146504851861,-0.7308,-0.3926,0.322,-0.4561,0
2673846.0,83.047161,1.0,8.34,3.56,4.42,-8.75,-3.88,-34.0,-15.69,-6.63,-2.38,-0.6306969818152766,-0.5976748478552587,-0.243753280136092,-46.232752066659124,37.56783922201158,-54.27146504851861,-0.7308,-0.3926,0.322,-0.4561,0
2673881.0,83.06592,1.0,7.9,3.47,4.8,-9.06,-4.56,-34.38,-17.94,-9.81,-11.19,-0.7512593301600177,-0.043347409360376954,-0.038380747587805075,-46.158005222618215,37.87057079932817,-53.71845771367623,-0.7328,-0.392,0.3245,-0.4518,0
2673881.0,83.06592,1.0,7.9,3.47,4.8,-9.06,-4.56,-34.38,-17.94,-9.81,-11.19,-0.7512593301600177,-0.043347409360376954,-0.038380747587805075,-46.158005222618215,37.87057079932817,-53.71845771367623,-0.7328,-0.392,0.3245,-0.4518,0
2673917.0,83.156028,1.0,7.6,3.61,4.71,-9.06,-3.88,-33.56,-20.0,-8.94,-18.5,-0.9629023401060628,-0.03591769057465655,0.2124992297169932,-45.94633512532467,38.270597450084026,-52.76991465901129,-0.7368,-0.3903,0.3278,-0.4444,0
2673917.0,83.156028,1.0,7.6,3.61,4.71,-9.06,-3.88,-33.56,-20.0,-8.94,-18.5,-0.9629023401060628,-0.03591769057465655,0.2124992297169932,-45.94633512532467,38.270597450084026,-52.76991465901129,-0.7368,-0.3903,0.3278,-0.4444,0
