TIME,ELAPSED_SECONDS,PSTATE,acc_x,acc_y,acc_z,mag_x,mag_y,mag_z,gyr_x,gyr_y,gyr_z,lin_x,lin_y,lin_z,eul_x,eul_y,eul_z,qua_w,qua_x,qua_y,qua_z,LABLE
2034358.0,754.34799,1.0,9.52,0.65,2.37,-28.87,50.88,-26.06,-0.81,1.63,-0.5,0.062320595139335855,-0.11337313510835267,-0.024578950424107404,-32.25789123557385,65.92636443455984,-36.48023552286196,-0.7272,-0.2778,0.5441,-0.313,0
2034358.0,754.34799,1.0,9.52,0.65,2.37,-28.87,50.88,-26.06,-0.81,1.63,-0.5,0.062320595139335855,-0.11337313510835267,-0.024578950424107404,-32.25789123557385,65.92636443455984,-36.48023552286196,-0.7272,-0.2778,0.5441,-0.313,0
2034391.0,754.405007,1.0,9.37,0.6,2.71,-28.87,50.88,-26.06,0.31,-2.56,-0.37,-0.1486258515750346,0.20321166930270662,0.03743225374709169,-32.28174931703743,65.9810040052897,-36.46817032738551,-0.7269,-0.278,0.5445,-0.3129,0
2034391.0,754.405007,1.0,9.37,0.6,2.71,-28.87,50.88,-26.06,0.31,-2.56,-0.37,-0.1486258515750346,0.20321166930270662,0.03743225374709169,-32.28174931703743,65.9810040052897,-36.46817032738551,-0.7269,-0.278,0.5445,-0.3129,0
2034427.0,754.412072,1.0,9.49,0.69,2.44,-28.75,50.19,-27.25,-0.94,2.38,-0.31,-0.018426338479173077,-0.0809696475704833,-0.015921169822215475,-32.25789123557385,65.94002274269204,-36.46817032738551,-0.7272,-0.2778,0.5442,-0.3129,0
2034427.0,754.412072,1.0,9.49,0.69,2.44,-28.75,50.19,-27.25,-0.94,2.38,-0.31,-0.018426338479173077,-0.0809696475704833,-0.015921169822215475,-32.25789123557385,65.94002274269204,-36.46817032738551,-0.7272,-0.2778,0.5442,-0.3129,0
2034464.0,754.429346,1.0,9.44,0.61,2.58,-29.19,50.88,-27.25,1.81,-0.37,-0.5,-0.05381356054071096,0.08463459294899178,0.001955150777087411,-32.28174931703743,65.92636443455984,-36.48023552286196,-0.7271,-0.278,0.5441,-0.313,0
2034464.0,754.429346,1.0,9.44,0.61,2.58,-29.19,50.88,-27.25,1.81,-0.37,-0.5,-0.05381356054071096,0.08463459294899178,0.001955150777087411,-32.28174931703743,65.92636443455984,-36.48023552286196,-0.7271,-0.278,0.5441,-0.313,0
2034497.0,754.495425,1.0,9.46,0.6,2.38,-29.19,50.88,-27.25,-0.81,1.81,0.63,0.08658634106708274,-0.06934120382889608,0.03405082664841075,-32.25789123557385,65.88539584221961,-36.50436716998177,-0.7274,-0.2778,0.5438,-0.3132,0
2034497.0,754.495425,1.0,9.46,0.6,2.38,-29.19,50.88,-27.25,-0.81,1.81,0.63,0.08658634106708274,-0.06934120382889608,0.03405082664841075,-32.25789123557385,65.88539584221961,-36.50436716998177,-0.7274,-0.2778,0.5438,-0.3132,0
2034532.0,754.571294,1.0,9.49,0.69,2.34,-28.06,50.88,-27.25,-2.75,0.19,1.0,0.04233670388391664,-0.16405979372741109,0.009553900257671444,-32.22210680615566,65.92636443455984,-36.50436716998177,-0.7273,-0.2775,0.5441,-0.3132,0
2034532.0,754.571294,1.0,9.49,0.69,2.34,-28.06,50.88,-27.25,-2.75,0.19,1.0,0.04233670388391664,-0.16405979372741109,0.009553900257671444,-32.22210680615566,65.92636443455984,-36.50436716998177,-0.7273,-0.2775,0.5441,-0.3132,0
2034569.0,754.647941,1.0,9.48,0.62,2.5,-27.69,50.88,-27.25,0.44,1.19,0.06,-0.005798807316225618,-0.0016981617156708317,-0.017033804463604696,-32.18632560419117,65.92636443455984,-36.49230113700159,-0.7274,-0.2772,0.5441,-0.3131,0
2034569.0,754.647941,1.0,9.48,0.62,2.5,-27.69,50.88,-27.25,0.44,1.19,0.06,-0.005798807316225618,-0.0016981617156708317,-0.017033804463604696,-32.18632560419117,65.92636443455984,-36.49230113700159,-0.7274,-0.2772,0.5441,-0.3131,0
2034604.0,754.700792,1.0,9.42,0.69,2.57,-27.69,50.88,-27.25,-0.37,-0.88,0.63,-0.11779621542262186,0.014199659976025902,0.018732835388897584,-32.18632560419117,65.94002274269204,-36.50436716998177,-0.7273,-0.2772,0.5442,-0.3132,0
2034604.0,754.700792,1.0,9.42,0.69,2.57,-27.69,50.88,-27.25,-0.37,-0.88,0.63,-0.11779621542262186,0.014199659976025902,0.018732835388897584,-32.18632560419117,65.94002274269204,-36.50436716998177,-0.7273,-0.2772,0.5442,-0.3132,0
2034640.0,754.866787,1.0,9.42,0.55,2.5,-27.69,51.25,-26.87,1.44,0.06,-0.25,0.03208993152602502,0.05455265521901542,0.04525182944557571,-32.19825231317595,65.94002274269204,-36.50436716998177,-0.7273,-0.2773,0.5442,-0.3132,0
2034640.0,754.866787,1.0,9.42,0.55,2.5,-27.69,51.25,-26.87,1.44,0.06,-0.25,0.03208993152602502,0.05455265521901542,0.04525182944557571,-32.19825231317595,65.94002274269204,-36.50436716998177,-0.7273,-0.2773,0.5442,-0.3132,0
2034673.0,754.870796,1.0,9.49,0.68,2.49,-28.5,51.25,-26.5,-2.0,1.06,1.19,-0.04595337431444324,-0.05917290645021023,-0.027829490777911303,-32.138622347851936,65.92636443455984,-36.52850049317351,-0.7275,-0.2768,0.5441,-0.3134,0
2034673.0,754.870796,1.0,9.49,0.68,2.49,-28.5,51.25,-26.5,-2.0,1.06,1.19,-0.04595337431444324,-0.05917290645021023,-0.027829490777911303,-32.138622347851936,65.92636443455984,-36.52850049317351,-0.7275,-0.2768,0.5441,-0.3134,0
2034710.0,754.880007,1.0,9.45,0.72,2.6,-28.5,50.5,-25.37,-1.5,1.44,1.06,-0.15335918238969926,-0.008631150352804484,-0.019707741524596756,-32.0670781843972,65.91270718206279,-36.54056778374004,-0.7277,-0.2762,0.544,-0.3135,0
2034710.0,754.880007,1.0,9.45,0.72,2.6,-28.5,50.5,-25.37,-1.5,1.44,1.06,-0.15335918238969926,-0.008631150352804484,-0.019707741524596756,-32.0670781843972,65.91270718206279,-36.54056778374004,-0.7277,-0.2762,0.544,-0.3135,0
2034745.0,754.882658,1.0,9.42,0.72,2.52,-28.5,50.5,-25.37,0.12,1.0,-0.69,-0.10140043000563637,-0.06785597790369957,0.0296201074888085,-32.055155405875595,65.85808871965587,-36.52850049317351,-0.728,-0.2761,0.5436,-0.3134,0
2034745.0,754.882658,1.0,9.42,0.72,2.52,-28.5,50.5,-25.37,0.12,1.0,-0.69,-0.10140043000563637,-0.06785597790369957,0.0296201074888085,-32.055155405875595,65.85808871965587,-36.52850049317351,-0.728,-0.2761,0.5436,-0.3134,0
2034782.0,754.885306,1.0,9.58,0.52,2.14,-28.5,50.88,-25.69,3.38,0.12,-2.13,0.3326439367571744,-0.23916112702865377,-0.014681374444966977,-32.15054762531955,65.77619262062959,-36.54056778374004,-0.7281,-0.2769,0.543,-0.3135,0
2034782.0,754.885306,1.0,9.58,0.52,2.14,-28.5,50.88,-25.69,3.38,0.12,-2.13,0.3326439367571744,-0.23916112702865377,-0.014681374444966977,-32.15054762531955,65.77619262062959,-36.54056778374004,-0.7281,-0.2769,0.543,-0.3135,0
2034817.0,754.887797,1.0,9.38,0.58,2.87,-28.87,50.5,-26.87,-0.12,-3.63,-0.94,-0.21641400887664342,0.316769237682925,-0.012235997241218044,-32.23403459047365,65.87174175399682,-36.50436716998177,-0.7275,-0.2776,0.5437,-0.3132,0
2034817.0,754.887797,1.0,9.38,0.58,2.87,-28.87,50.5,-26.87,-0.12,-3.63,-0.94,-0.21641400887664342,0.316769237682925,-0.012235997241218044,-32.23403459047365,65.87174175399682,-36.50436716998177,-0.7275,-0.2776,0.5437,-0.3132,0
2034851.0,754.928616,1.0,9.47,0.7,2.54,-28.87,50.5,-26.87,-2.44,2.44,1.44,-0.08322234346814239,-0.03433703435879343,-0.022612180327634235,-32.162473260424385,65.84443673875894,-36.52850049317351,-0.7278,-0.277,0.5435,-0.3134,0
2034851.0,754.928616,1.0,9.47,0.7,2.54,-28.87,50.5,-26.87,-2.44,2.44,1.44,-0.08322234346814239,-0.03433703435879343,-0.022612180327634235,-32.162473260424385,65.84443673875894,-36.52850049317351,-0.7278,-0.277,0.5435,-0.3134,0
2034886.0,754.934329,1.0,9.54,0.7,2.09,-28.5,51.25,-26.87,-0.12,1.69,0.44,0.2116338376158683,-0.3889261025090571,0.025359307787489627,-32.114772865183184,65.81713593554738,-36.54056778374004,-0.728,-0.2766,0.5433,-0.3135,0
2034886.0,754.934329,1.0,9.54,0.7,2.09,-28.5,51.25,-26.87,-0.12,1.69,0.44,0.2116338376158683,-0.3889261025090571,0.025359307787489627,-32.114772865183184,65.81713593554738,-36.54056778374004,-0.728,-0.2766,0.5433,-0.3135,0
2034921.0,754.95381,1.0,9.41,0.63,2.67,-28.5,50.19,-26.06,2.25,-1.44,-1.19,-0.12305749784094866,0.12060571164205425,0.006435149572258325,-32.18632560419117,65.84443673875894,-36.52850049317351,-0.7277,-0.2772,0.5435,-0.3134,0
2034921.0,754.95381,1.0,9.41,0.63,2.67,-28.5,50.19,-26.06,2.25,-1.44,-1.19,-0.12305749784094866,0.12060571164205425,0.006435149572258325,-32.18632560419117,65.84443673875894,-36.52850049317351,-0.7277,-0.2772,0.5435,-0.3134,0
2034958.0,754.993549,1.0,9.58,0.63,2.34,-29.19,51.69,-26.5,0.31,0.25,0.19,0.12233868232070866,-0.14995969645146112,-0.07320047135067931,-32.22210680615566,65.80348711235835,-36.54056778374004,-0.7277,-0.2775,0.5432,-0.3135,0
2034958.0,754.993549,1.0,9.58,0.63,2.34,-29.19,51.69,-26.5,0.31,0.25,0.19,0.12233868232070866,-0.14995969645146112,-0.07320047135067931,-32.22210680615566,65.80348711235835,-36.54056778374004,-0.7277,-0.2775,0.5432,-0.3135,0
2034993.0,755.010266,1.0,9.52,0.64,2.36,-29.19,51.69,-26.5,3.44,0.12,-0.81,0.09272114985002167,-0.12911790458689687,-0.02108276778960949,-32.28174931703743,65.77619262062959,-36.57677217345314,-0.7276,-0.278,0.543,-0.3138,0
2034993.0,755.010266,1.0,9.52,0.64,2.36,-29.19,51.69,-26.5,3.44,0.12,-0.81,0.09272114985002167,-0.12911790458689687,-0.02108276778960949,-32.28174931703743,65.77619262062959,-36.57677217345314,-0.7276,-0.278,0.543,-0.3138,0
2035030.0,755.091771,1.0,10.05,0.6,1.97,-27.69,50.88,-26.06,-1.63,-0.06,-3.63,0.49141466168921866,-0.46718755809684587,-0.4297383970781592,-32.329469794230796,65.73525876311373,-36.50436716998177,-0.728,-0.2784,0.5427,-0.3132,0
2035030.0,755.091771,1.0,10.05,0.6,1.97,-27.69,50.88,-26.06,-1.63,-0.06,-3.63,0.49141466168921866,-0.46718755809684587,-0.4297383970781592,-32.329469794230796,65.73525876311373,-36.50436716998177,-0.728,-0.2784,0.5427,-0.3132,0
2035064.0,755.190077,1.0,11.54,2.89,1.97,-28.5,50.5,-27.25,-10.19,-7.38,-1.88,-0.9351920590436407,-2.164647054552183,-2.0189290108527125,-32.22210680615566,65.9536821068983,-36.26312588812537,-0.728,-0.2775,0.5443,-0.3112,0
2035064.0,755.190077,1.0,11.54,2.89,1.97,-28.5,50.5,-27.25,-10.19,-7.38,-1.88,-0.9351920590436407,-2.164647054552183,-2.0189290108527125,-32.22210680615566,65.9536821068983,-36.26312588812537,-0.728,-0.2775,0.5443,-0.3112,0
2035099.0,755.274418,1.0,13.56,2.55,0.7,-28.5,50.5,-27.25,22.56,-22.37,24.5,0.3572096334105819,-3.1164726775670224,-3.647943985987718,-32.74727085632419,66.32288574654007,-36.85446512108432,-0.7221,-0.2819,0.547,-0.3161,0
2035099.0,755.274418,1.0,13.56,2.55,0.7,-28.5,50.5,-27.25,22.56,-22.37,24.5,0.3572096334105819,-3.1164726775670224,-3.647943985987718,-32.74727085632419,66.32288574654007,-36.85446512108432,-0.7221,-0.2819,0.547,-0.3161,0
2035134.0,755.328972,1.0,16.66,8.27,1.62,-28.5,50.88,-26.06,-30.44,13.44,19.0,-4.037590966273521,-6.81978670041379,-7.0978248084619775,-31.769115255908964,66.51463076702889,-37.156559865314904,-0.7231,-0.2737,0.5484,-0.3186,0
2035134.0,755.328972,1.0,16.66,8.27,1.62,-28.5,50.88,-26.06,-30.44,13.44,19.0,-4.037590966273521,-6.81978670041379,-7.0978248084619775,-31.769115255908964,66.51463076702889,-37.156559865314904,-0.7231,-0.2737,0.5484,-0.3186,0
2035171.0,755.338284,1.0,16.77,4.17,2.98,-27.37,49.38,-27.25,55.19,63.31,-109.94,-0.8779199298955298,-3.1123884472635117,-7.42832881489945,-32.878671967526124,64.07848807925822,-36.23901092380315,-0.736,-0.283,0.5305,-0.311,0
2035171.0,755.338284,1.0,16.77,4.17,2.98,-27.37,49.38,-27.25,55.19,63.31,-109.94,-0.8779199298955298,-3.1123884472635117,-7.42832881489945,-32.878671967526124,64.07848807925822,-36.23901092380315,-0.736,-0.283,0.5305,-0.311,0
2035208.0,755.351934,1.0,15.31,0.36,7.49,-27.37,49.38,-27.25,90.5,60.44,-113.37,0.6066301285043569,3.4595537901773987,-6.875354899293731,-37.04777503969204,59.33950067480581,-35.21564193303898,-0.75,-0.3177,0.495,-0.3025,0
2035208.0,755.351934,1.0,15.31,0.36,7.49,-27.37,49.38,-27.25,90.5,60.44,-113.37,0.6066301285043569,3.4595537901773987,-6.875354899293731,-37.04777503969204,59.33950067480581,-35.21564193303898,-0.75,-0.3177,0.495,-0.3025,0
2035243.0,755.354804,1.0,17.8,5.34,5.02,-28.06,44.19,-27.56,99.81,101.75,-50.13,0.03856013007474246,-2.0562489414422562,-9.333003952127408,-38.30698746477587,55.744276234982536,-35.39602326525133,-0.7625,-0.3281,0.4675,-0.304,0
2035243.0,755.354804,1.0,17.8,5.34,5.02,-28.06,44.19,-27.56,99.81,101.75,-50.13,0.03856013007474246,-2.0562489414422562,-9.333003952127408,-38.30698746477587,55.744276234982536,-35.39602326525133,-0.7625,-0.3281,0.4675,-0.304,0
2035279.0,755.394894,1.0,19.48,7.17,6.81,-27.37,37.5,-28.37,134.13,31.87,-51.06,-0.48993393787512174,-1.3914453241164337,-11.989662638758714,-43.209298755684706,51.11288102782698,-37.84634220500205,-0.757,-0.3682,0.4314,-0.3243,0
2035279.0,755.394894,1.0,19.48,7.17,6.81,-27.37,37.5,-28.37,134.13,31.87,-51.06,-0.48993393787512174,-1.3914453241164337,-11.989662638758714,-43.209298755684706,51.11288102782698,-37.84634220500205,-0.757,-0.3682,0.4314,-0.3243,0
2035314.0,755.453161,1.0,19.62,11.22,9.81,-20.37,29.25,-31.69,154.94,10.81,-84.25,-3.791409318758023,0.12247753512565662,-14.53835184085071,-47.30643546064212,48.25894988610852,-38.19782944329835,-0.7515,-0.4012,0.4088,-0.3272,0
2035314.0,755.453161,1.0,19.62,11.22,9.81,-20.37,29.25,-31.69,154.94,10.81,-84.25,-3.791409318758023,0.12247753512565662,-14.53835184085071,-47.30643546064212,48.25894988610852,-38.19782944329835,-0.7515,-0.4012,0.4088,-0.3272,0
2035349.0,755.460171,1.0,14.32,11.61,12.51,-20.37,29.25,-31.69,268.88,-159.19,-194.63,-5.4634042403196945,6.639739482780219,-10.746200744061417,-57.56683056380633,45.64778844933024,-35.42008094609324,-0.7247,-0.4815,0.3879,-0.3042,0
2035349.0,755.460171,1.0,14.32,11.61,12.51,-20.37,29.25,-31.69,268.88,-159.19,-194.63,-5.4634042403196945,6.639739482780219,-10.746200744061417,-57.56683056380633,45.64778844933024,-35.42008094609324,-0.7247,-0.4815,0.3879,-0.3042,0
2035386.0,755.477351,1.0,7.83,-0.27,10.51,-16.25,14.5,-36.75,404.31,-240.69,-177.06,3.2643339097616892,11.288504351361606,3.9966849712868253,-76.00560231797398,43.320245322869745,-30.995436476359295,-0.6429,-0.6157,0.3691,-0.2672,0
2035386.0,755.477351,1.0,7.83,-0.27,10.51,-16.25,14.5,-36.75,404.31,-240.69,-177.06,3.2643339097616892,11.288504351361606,3.9966849712868253,-76.00560231797398,43.320245322869745,-30.995436476359295,-0.6429,-0.6157,0.3691,-0.2672,0
2035423.0,755.532329,1.0,3.71,-1.05,5.84,-26.25,-7.38,-42.5,322.19,-271.31,-81.69,2.545458131446819,6.476790849162174,9.06907071798322,-87.95884845875601,43.55460618777381,-27.312945744821857,-0.5695,-0.6944,0.371,-0.2361,0
2035423.0,755.532329,1.0,3.71,-1.05,5.84,-26.25,-7.38,-42.5,322.19,-271.31,-81.69,2.545458131446819,6.476790849162174,9.06907071798322,-87.95884845875601,43.55460618777381,-27.312945744821857,-0.5695,-0.6944,0.371,-0.2361,0
2035460.0,755.572293,1.0,4.01,0.24,-0.08,-40.38,-27.69,-26.87,287.5,-282.88,4.81,2.282085871657618,1.6614714216943591,6.947332460922954,-100.9775585633047,45.859225051959996,-23.2493773342699,-0.4609,-0.7715,0.3896,-0.2015,0
2035460.0,755.572293,1.0,4.01,0.24,-0.08,-40.38,-27.69,-26.87,287.5,-282.88,4.81,2.282085871657618,1.6614714216943591,6.947332460922954,-100.9775585633047,45.859225051959996,-23.2493773342699,-0.4609,-0.7715,0.3896,-0.2015,0
2035494.0,755.638928,1.0,6.89,2.16,-6.74,-40.38,-27.69,-26.87,297.63,-368.5,38.5,2.586246850329548,-0.2959066079264153,0.2783203190671433,-108.97720765299682,49.46722789019666,-19.273367657733324,-0.3666,-0.814,0.4184,-0.1674,0
2035494.0,755.638928,1.0,6.89,2.16,-6.74,-40.38,-27.69,-26.87,297.63,-368.5,38.5,2.586246850329548,-0.2959066079264153,0.2783203190671433,-108.97720765299682,49.46722789019666,-19.273367657733324,-0.3666,-0.814,0.4184,-0.1674,0
2035531.0,755.646109,1.0,3.06,0.0,0.32,-42.25,-32.56,-12.5,222.5,-494.13,9.31,1.733901564493907,2.429905351447934,9.061569234142855,-118.34186164954453,54.12986845766676,-8.935735653853005,-0.2227,-0.8587,0.455,-0.0779,0
2035531.0,755.646109,1.0,3.06,0.0,0.32,-42.25,-32.56,-12.5,222.5,-494.13,9.31,1.733901564493907,2.429905351447934,9.061569234142855,-118.34186164954453,54.12986845766676,-8.935735653853005,-0.2227,-0.8587,0.455,-0.0779,0
2035568.0,755.663437,1.0,0.87,1.14,0.26,-40.25,-29.69,5.5,177.38,-425.38,52.31,-0.5404726675380218,1.3535069863689837,9.80379807175996,-120.26974778474063,58.4972102111192,2.1544482337672353,-0.0939,-0.8672,0.4886,0.0188,0
2035568.0,755.663437,1.0,0.87,1.14,0.26,-40.25,-29.69,5.5,177.38,-425.38,52.31,-0.5404726675380218,1.3535069863689837,9.80379807175996,-120.26974778474063,58.4972102111192,2.1544482337672353,-0.0939,-0.8672,0.4886,0.0188,0
2035603.0,755.666393,1.0,-4.32,-0.26,2.65,-40.25,-29.69,5.5,167.81,-298.63,-7.75,-2.276533402436038,-3.9997343512240993,11.944878422603844,-119.31022017941788,59.89417305003661,8.69437956401469,-0.0137,-0.863,0.4992,0.0758,0
2035603.0,755.666393,1.0,-4.32,-0.26,2.65,-40.25,-29.69,5.5,167.81,-298.63,-7.75,-2.276533402436038,-3.9997343512240993,11.944878422603844,-119.31022017941788,59.89417305003661,8.69437956401469,-0.0137,-0.863,0.4992,0.0758,0
2035636.0,755.700086,1.0,-6.21,-4.41,-1.28,-32.19,-24.69,20.06,118.06,-212.88,-13.75,1.0641860424934926,-7.084213114340706,6.920123953423383,-117.80730258048688,59.70911119317572,13.98044914927855,0.0652,-0.8563,0.4978,0.1217,0
2035636.0,755.700086,1.0,-6.21,-4.41,-1.28,-32.19,-24.69,20.06,118.06,-212.88,-13.75,1.0641860424934926,-7.084213114340706,6.920123953423383,-117.80730258048688,59.70911119317572,13.98044914927855,0.0652,-0.8563,0.4978,0.1217,0
2035673.0,755.710219,1.0,-8.11,-2.9,2.77,-22.5,-20.75,26.0,144.19,-190.5,34.56,-1.4429985051602303,-8.909897997350765,9.184980480954556,-114.70384241769943,60.45039656824655,17.752401631441728,0.117,-0.842,0.5034,0.1543,0
2035673.0,755.710219,1.0,-8.11,-2.9,2.77,-22.5,-20.75,26.0,144.19,-190.5,34.56,-1.4429985051602303,-8.909897997350765,9.184980480954556,-114.70384241769943,60.45039656824655,17.752401631441728,0.117,-0.842,0.5034,0.1543,0
2035709.0,755.723307,1.0,-5.7,-4.47,-0.36,-15.88,-17.06,30.06,64.37,71.44,13.44,1.6404877849458694,-6.377898846365694,6.7682777165280505,-112.19747600626745,62.39638163911369,16.0146845993234,0.1528,-0.83,0.518,0.1393,0
2035709.0,755.723307,1.0,-5.7,-4.47,-0.36,-15.88,-17.06,30.06,64.37,71.44,13.44,1.6404877849458694,-6.377898846365694,6.7682777165280505,-112.19747600626745,62.39638163911369,16.0146845993234,0.1528,-0.83,0.518,0.1393,0
2035744.0,755.778054,1.0,-2.8,-5.8,-5.2,-15.88,-17.06,30.06,59.19,191.0,18.87,4.016392939925106,-3.052357574709435,3.243746603771033,-112.38260211278737,64.37613024312793,9.246109154854068,0.139,-0.8309,0.5327,0.0806,0
2035744.0,755.778054,1.0,-2.8,-5.8,-5.2,-15.88,-17.06,30.06,59.19,191.0,18.87,4.016392939925106,-3.052357574709435,3.243746603771033,-112.38260211278737,64.37613024312793,9.246109154854068,0.139,-0.8309,0.5327,0.0806,0
2035781.0,755.821433,1.0,-0.56,-3.42,-9.71,-15.5,-12.19,32.38,-4.25,85.0,43.88,2.5001363975314894,0.7026961144732145,-0.17080639752149196,-112.03329231056664,65.81713593554738,6.17947961245989,0.1201,-0.8292,0.5433,0.0539,0
2035781.0,755.821433,1.0,-0.56,-3.42,-9.71,-15.5,-12.19,32.38,-4.25,85.0,43.88,2.5001363975314894,0.7026961144732145,-0.17080639752149196,-112.03329231056664,65.81713593554738,6.17947961245989,0.1201,-0.8292,0.5433,0.0539,0
2035818.0,755.835673,1.0,0.91,2.37,-6.01,-21.25,-11.25,30.87,28.44,37.0,42.81,-2.2245791992739585,3.084474625264064,4.505483744140848,-110.22967237255023,67.87662551738967,4.802792327898412,0.1167,-0.8203,0.5583,0.0419,0
2035818.0,755.835673,1.0,0.91,2.37,-6.01,-21.25,-11.25,30.87,28.44,37.0,42.81,-2.2245791992739585,3.084474625264064,4.505483744140848,-110.22967237255023,67.87662551738967,4.802792327898412,0.1167,-0.8203,0.5583,0.0419,0
2035853.0,755.930938,1.0,4.01,-0.83,-15.03,-21.25,-11.25,30.87,-18.37,33.63,-20.5,1.043360333388918,6.518490955333055,-4.3032959559543205,-110.45037134177934,67.97333851203919,2.922401528803222,0.1102,-0.8214,0.559,0.0255,0
2035853.0,755.930938,1.0,4.01,-0.83,-15.03,-21.25,-11.25,30.87,-18.37,33.63,-20.5,1.043360333388918,6.518490955333055,-4.3032959559543205,-110.45037134177934,67.97333851203919,2.922401528803222,0.1102,-0.8214,0.559,0.0255,0
2035888.0,755.939077,1.0,1.22,0.67,-8.73,-23.87,-9.56,30.06,35.31,-23.81,-35.63,-0.8299339850926029,3.2988959843984844,1.6470731197624033,-111.5428205011455,66.67915125155818,3.300693295071686,0.116,-0.8268,0.5496,0.0288,0
2035888.0,755.939077,1.0,1.22,0.67,-8.73,-23.87,-9.56,30.06,35.31,-23.81,-35.63,-0.8299339850926029,3.2988959843984844,1.6470731197624033,-111.5428205011455,66.67915125155818,3.300693295071686,0.116,-0.8268,0.5496,0.0288,0
2035922.0,755.94659,1.0,0.31,-1.35,-12.28,-25.0,-10.25,30.19,-0.63,-4.81,-39.75,0.33865875729217776,2.5286780402349436,-2.2850040479350024,-112.50626800349723,65.66705665174256,3.1172748668896637,0.1179,-0.8315,0.5422,0.0272,0
2035922.0,755.94659,1.0,0.31,-1.35,-12.28,-25.0,-10.25,30.19,-0.63,-4.81,-39.75,0.33865875729217776,2.5286780402349436,-2.2850040479350024,-112.50626800349723,65.66705665174256,3.1172748668896637,0.1179,-0.8315,0.5422,0.0272,0
2035959.0,755.949806,1.0,-1.53,-2.59,-9.58,-24.25,-10.19,31.75,14.44,-39.88,-33.19,0.9153220582940266,-0.009352186606172763,-0.1927248837717901,-113.64933964888505,64.18666547503379,3.896864048753203,0.127,-0.837,0.5313,0.034,0
2035959.0,755.949806,1.0,-1.53,-2.59,-9.58,-24.25,-10.19,31.75,14.44,-39.88,-33.19,0.9153220582940266,-0.009352186606172763,-0.1927248837717901,-113.64933964888505,64.18666547503379,3.896864048753203,0.127,-0.837,0.5313,0.034,0
2035994.0,755.988366,1.0,-2.94,-3.91,-9.41,-24.25,-10.19,31.75,-2.56,-45.31,-4.5,1.5665889892089724,-1.6613637613108339,-0.5502544309336148,-113.92207363516447,63.64641513634406,4.871608567013157,0.132,-0.8383,0.5273,0.0425,0
2035994.0,755.988366,1.0,-2.94,-3.91,-9.41,-24.25,-10.19,31.75,-2.56,-45.31,-4.5,1.5665889892089724,-1.6613637613108339,-0.5502544309336148,-113.92207363516447,63.64641513634406,4.871608567013157,0.132,-0.8383,0.5273,0.0425,0
2036031.0,756.047813,1.0,-3.23,-5.05,-8.37,-23.56,-10.19,31.0,-10.88,3.75,17.87,2.6126039754385575,-2.5142912968160664,0.17104209274902082,-113.48199585621887,63.8758274546073,5.628708719478254,0.1359,-0.8362,0.529,0.0491,0
2036031.0,756.047813,1.0,-3.23,-5.05,-8.37,-23.56,-10.19,31.0,-10.88,3.75,17.87,2.6126039754385575,-2.5142912968160664,0.17104209274902082,-113.48199585621887,63.8758274546073,5.628708719478254,0.1359,-0.8362,0.529,0.0491,0
2036066.0,756.063576,1.0,-2.34,-1.74,-10.49,-22.06,-10.19,30.25,-41.0,14.56,30.87,0.10136576662726748,0.015215795427669598,-1.0806266778899136,-113.04448004610617,64.67425982878002,5.9729244673372195,0.1245,-0.8341,0.5349,0.0521,0
2036066.0,756.063576,1.0,-2.34,-1.74,-10.49,-22.06,-10.19,30.25,-41.0,14.56,30.87,0.10136576662726748,0.015215795427669598,-1.0806266778899136,-113.04448004610617,64.67425982878002,5.9729244673372195,0.1245,-0.8341,0.5349,0.0521,0
2036101.0,756.142557,1.0,-2.98,-1.13,-7.46,-22.06,-10.19,30.25,-14.38,0.63,26.87,-0.4235593967568031,-1.1231156452540925,1.7836761944336068,-111.97181334084304,65.81713593554738,6.627085616027941,0.1198,-0.8289,0.5433,0.0578,0
2036101.0,756.142557,1.0,-2.98,-1.13,-7.46,-22.06,-10.19,30.25,-14.38,0.63,26.87,-0.4235593967568031,-1.1231156452540925,1.7836761944336068,-111.97181334084304,65.81713593554738,6.627085616027941,0.1198,-0.8289,0.5433,0.0578,0
2036135.0,756.156688,1.0,-2.63,-0.58,-9.25,-22.06,-10.75,31.5,-18.56,17.69,23.25,-0.7338227698471265,-0.2848583709046858,0.20476685912709058,-111.2987386824523,66.76146977168455,6.627085616027941,0.1111,-0.8256,0.5502,0.0578,0
2036135.0,756.156688,1.0,-2.63,-0.58,-9.25,-22.06,-10.75,31.5,-18.56,17.69,23.25,-0.7338227698471265,-0.2848583709046858,0.20476685912709058,-111.2987386824523,66.76146977168455,6.627085616027941,0.1111,-0.8256,0.5502,0.0578,0
2036172.0,756.201737,1.0,-2.08,0.74,-7.21,-21.69,-11.56,31.06,-0.63,26.62,9.25,-1.6667336280819556,0.10958887586939114,2.4535493416854113,-110.91382347990452,67.29749473790226,6.386054856968827,0.1069,-0.8237,0.5541,0.0557,0
2036172.0,756.201737,1.0,-2.08,0.74,-7.21,-21.69,-11.56,31.06,-0.63,26.62,9.25,-1.6667336280819556,0.10958887586939114,2.4535493416854113,-110.91382347990452,67.29749473790226,6.386054856968827,0.1069,-0.8237,0.5541,0.0557,0
2036209.0,756.219584,1.0,-1.51,-2.09,-9.51,-21.69,-11.56,31.06,-0.5,61.25,-1.12,0.9614169666680328,-0.17321976672344996,0.0018566656854428487,-111.0351722213916,67.58681526824894,4.619290761920459,0.0976,-0.8243,0.5562,0.0403,0
2036209.0,756.219584,1.0,-1.51,-2.09,-9.51,-21.69,-11.56,31.06,-0.5,61.25,-1.12,0.9614169666680328,-0.17321976672344996,0.0018566656854428487,-111.0351722213916,67.58681526824894,4.619290761920459,0.0976,-0.8243,0.5562,0.0403,0
2036244.0,756.222569,1.0,-1.8,-0.46,-8.66,-22.37,-10.75,31.06,12.13,37.31,0.31,-0.6501506926191221,-0.19155769444152038,0.9755792989701888,-111.01493444523936,67.82138560708218,3.8280700368682603,0.0908,-0.8242,0.5579,0.0334,0
2036244.0,756.222569,1.0,-1.8,-0.46,-8.66,-22.37,-10.75,31.06,12.13,37.31,0.31,-0.6501506926191221,-0.19155769444152038,0.9755792989701888,-111.01493444523936,67.82138560708218,3.8280700368682603,0.0908,-0.8242,0.5579,0.0334,0
2036281.0,756.263473,1.0,-1.3,-1.84,-10.96,-25.0,-11.56,29.87,-13.88,32.56,-4.06,0.5692492139940978,-0.09768434612550625,-1.367588815279058,-111.2987386824523,67.79377236455424,2.3951379752687134,0.0834,-0.8256,0.5577,0.0209,0
2036281.0,756.263473,1.0,-1.3,-1.84,-10.96,-25.0,-11.56,29.87,-13.88,32.56,-4.06,0.5692492139940978,-0.09768434612550625,-1.367588815279058,-111.2987386824523,67.79377236455424,2.3951379752687134,0.0834,-0.8256,0.5577,0.0209,0
2036316.0,756.316374,1.0,-1.84,0.56,-8.21,-26.06,-11.19,29.19,-20.87,3.88,8.13,-1.6280922705610612,-0.2330441165382669,1.5363231625475517,-111.23783703748735,67.95951900274443,2.486832027635776,0.0779,-0.8253,0.5589,0.0217,0
2036316.0,756.316374,1.0,-1.84,0.56,-8.21,-26.06,-11.19,29.19,-20.87,3.88,8.13,-1.6280922705610612,-0.2330441165382669,1.5363231625475517,-111.23783703748735,67.95951900274443,2.486832027635776,0.0779,-0.8253,0.5589,0.0217,0
2036350.0,756.411438,1.0,-1.17,-1.03,-10.64,-26.06,-11.19,29.19,-4.38,33.25,-1.81,-0.1429491622947122,-0.03423352853050399,-0.9459214879057516,-111.11617542436286,68.20844247958603,1.3407518310456548,0.0728,-0.8247,0.5607,0.0117,0
2036350.0,756.411438,1.0,-1.17,-1.03,-10.64,-26.06,-11.19,29.19,-4.38,33.25,-1.81,-0.1429491622947122,-0.03423352853050399,-0.9459214879057516,-111.11617542436286,68.20844247958603,1.3407518310456548,0.0728,-0.8247,0.5607,0.0117,0
2036385.0,756.417697,1.0,-1.36,-1.95,-10.62,-26.5,-11.56,29.19,-4.13,13.44,0.81,0.6241907722799406,-0.6418768184020416,-1.039311461751499,-111.21754699943546,68.18076625802583,0.985499555804114,0.0695,-0.8252,0.5605,0.0086,0
2036385.0,756.417697,1.0,-1.36,-1.95,-10.62,-26.5,-11.56,29.19,-4.13,13.44,0.81,0.6241907722799406,-0.6418768184020416,-1.039311461751499,-111.21754699943546,68.18076625802583,0.985499555804114,0.0695,-0.8252,0.5605,0.0086,0
2036422.0,756.476591,1.0,-1.02,-0.6,-10.16,-27.56,-11.19,29.19,-33.81,-12.0,20.75,-0.2789755405146409,0.04709287655686145,-0.41812163113055334,-110.75231492282506,68.74903841235427,1.6730962049034406,0.0621,-0.8229,0.5646,0.0146,0
2036422.0,756.476591,1.0,-1.02,-0.6,-10.16,-27.56,-11.19,29.19,-33.81,-12.0,20.75,-0.2789755405146409,0.04709287655686145,-0.41812163113055334,-110.75231492282506,68.74903841235427,1.6730962049034406,0.0621,-0.8229,0.5646,0.0146,0
2036457.0,756.492252,1.0,-0.82,0.09,-9.64,-27.56,-11.19,29.19,-11.19,-15.0,16.0,-0.6729366312909189,0.4543817742604908,0.16555081507887692,-110.24971070475245,69.24960284688514,2.555603608821701,0.0595,-0.8204,0.5682,0.0223,0
2036457.0,756.492252,1.0,-0.82,0.09,-9.64,-27.56,-11.19,29.19,-11.19,-15.0,16.0,-0.6729366312909189,0.4543817742604908,0.16555081507887692,-110.24971070475245,69.24960284688514,2.555603608821701,0.0595,-0.8204,0.5682,0.0223,0
2036492.0,756.544251,1.0,-1.04,-0.71,-9.56,-27.56,-12.69,28.37,-5.25,-6.44,-7.06,0.04157317017333756,0.01001879649421289,0.16416736868359472,-110.24971070475245,69.2356779378902,2.922401528803222,0.0603,-0.8204,0.5681,0.0255,0
2036492.0,756.544251,1.0,-1.04,-0.71,-9.56,-27.56,-12.69,28.37,-5.25,-6.44,-7.06,0.04157317017333756,0.01001879649421289,0.16416736868359472,-110.24971070475245,69.2356779378902,2.922401528803222,0.0603,-0.8204,0.5681,0.0255,0
2036527.0,756.563604,1.0,-1.16,-0.79,-9.02,-27.19,-12.25,28.0,0.31,4.31,-3.63,0.09393426182116937,-0.20923473381540303,0.6809994927418295,-110.37004645806758,69.11040625696496,2.922401528803222,0.0596,-0.821,0.5672,0.0255,0
2036527.0,756.563604,1.0,-1.16,-0.79,-9.02,-27.19,-12.25,28.0,0.31,4.31,-3.63,0.09393426182116937,-0.20923473381540303,0.6809994927418295,-110.37004645806758,69.11040625696496,2.922401528803222,0.0596,-0.821,0.5672,0.0255,0
2036563.0,756.566687,1.0,-0.54,-0.4,-10.18,-27.56,-11.56,28.0,-11.06,-8.13,1.06,-0.039957066639568106,0.6526666641200141,-0.3745301702146495,-110.3098558920654,69.17998997689496,3.1172748668896637,0.0586,-0.8207,0.5677,0.0272,0
2036563.0,756.566687,1.0,-0.54,-0.4,-10.18,-27.56,-11.56,28.0,-11.06,-8.13,1.06,-0.039957066639568106,0.6526666641200141,-0.3745301702146495,-110.3098558920654,69.17998997689496,3.1172748668896637,0.0586,-0.8207,0.5677,0.0272,0
2036598.0,756.602651,1.0,-0.82,-1.01,-10.13,-27.56,-11.56,28.0,5.5,-9.88,-8.13,0.4497667389532164,0.23686472183278295,-0.393889445739255,-110.51066825702887,68.92962456147485,3.415334078437867,0.0607,-0.8217,0.5659,0.0298,0
2036598.0,756.602651,1.0,-0.82,-1.01,-10.13,-27.56,-11.56,28.0,5.5,-9.88,-8.13,0.4497667389532164,0.23686472183278295,-0.393889445739255,-110.51066825702887,68.92962456147485,3.415334078437867,0.0607,-0.8217,0.5659,0.0298,0
2036635.0,756.680565,1.0,-1.41,-0.97,-9.72,-26.5,-12.25,28.37,7.06,-3.44,-6.31,0.18629928615368643,-0.30496429688395177,-0.05639665676913275,-110.67168416900333,68.7212732151212,3.4726557451993814,0.0632,-0.8225,0.5644,0.0303,0
2036635.0,756.680565,1.0,-1.41,-0.97,-9.72,-26.5,-12.25,28.37,7.06,-3.44,-6.31,0.18629928615368643,-0.30496429688395177,-0.05639665676913275,-110.67168416900333,68.7212732151212,3.4726557451993814,0.0632,-0.8225,0.5644,0.0303,0
2036670.0,756.687653,1.0,-1.49,-0.96,-9.74,-27.56,-11.88,28.75,-6.38,-5.75,1.44,0.17492684390265384,-0.34919461846373245,-0.0856077664412993,-110.65153929836842,68.73515523864087,3.679021045975539,0.0634,-0.8224,0.5645,0.0321,0
2036670.0,756.687653,1.0,-1.49,-0.96,-9.74,-27.56,-11.88,28.75,-6.38,-5.75,1.44,0.17492684390265384,-0.34919461846373245,-0.0856077664412993,-110.65153929836842,68.73515523864087,3.679021045975539,0.0634,-0.8224,0.5645,0.0321,0
2036705.0,756.707519,1.0,-1.42,0.0,-9.19,-27.56,-11.88,28.75,-5.31,-3.56,3.38,-0.6290589949006411,-0.00598654719439351,0.5288944016784249,-110.47046523443146,68.90182937625673,4.011523869819651,0.0625,-0.8215,0.5657,0.035,0
2036705.0,756.707519,1.0,-1.42,0.0,-9.19,-27.56,-11.88,28.75,-5.31,-3.56,3.38,-0.6290589949006411,-0.00598654719439351,0.5288944016784249,-110.47046523443146,68.90182937625673,4.011523869819651,0.0625,-0.8215,0.5657,0.035,0
2036740.0,756.710524,1.0,-1.45,-0.91,-9.33,-27.19,-12.69,28.75,21.94,4.88,-10.75,0.09388265212905761,-0.32315300637718697,0.32686845282821864,-110.75231492282506,68.59638668148234,3.5070491615651807,0.0663,-0.8229,0.5635,0.0306,0
2036740.0,756.710524,1.0,-1.45,-0.91,-9.33,-27.19,-12.69,28.75,21.94,4.88,-10.75,0.09388265212905761,-0.32315300637718697,0.32686845282821864,-110.75231492282506,68.59638668148234,3.5070491615651807,0.0663,-0.8229,0.5635,0.0306,0
2036774.0,756.833597,1.0,-1.21,-1.14,-9.94,-26.87,-13.0,28.37,2.94,9.06,1.12,0.2956286639320681,-0.11948245705990457,-0.2663648235529088,-110.81284195033062,68.52704538255442,3.037031844213697,0.0677,-0.8232,0.563,0.0265,0
2036774.0,756.833597,1.0,-1.21,-1.14,-9.94,-26.87,-13.0,28.37,2.94,9.06,1.12,0.2956286639320681,-0.11948245705990457,-0.2663648235529088,-110.81284195033062,68.52704538255442,3.037031844213697,0.0677,-0.8232,0.563,0.0265,0
2036811.0,756.842601,1.0,-1.31,-1.38,-9.47,-27.19,-11.56,28.75,-2.13,-1.81,-0.06,0.522424868499246,-0.3774416135052979,0.16891115288611402,-110.85321906669195,68.49931686654122,3.1172748668896637,0.0664,-0.8234,0.5628,0.0272,0
2036811.0,756.842601,1.0,-1.31,-1.38,-9.47,-27.19,-11.56,28.75,-2.13,-1.81,-0.06,0.522424868499246,-0.3774416135052979,0.16891115288611402,-110.85321906669195,68.49931686654122,3.1172748668896637,0.0664,-0.8234,0.5628,0.0272,0
2036846.0,756.853878,1.0,-1.21,-0.63,-9.73,-27.19,-11.56,28.75,-0.12,-2.13,2.19,-0.12807473221410137,0.027303758553372803,-0.017643937364516304,-110.83302792899205,68.52704538255442,3.231910418500817,0.0662,-0.8233,0.563,0.0282,0
2036846.0,756.853878,1.0,-1.21,-0.63,-9.73,-27.19,-11.56,28.75,-0.12,-2.13,2.19,-0.12807473221410137,0.027303758553372803,-0.017643937364516304,-110.83302792899205,68.52704538255442,3.231910418500817,0.0662,-0.8233,0.563,0.0282,0
2036883.0,756.915506,1.0,-1.48,-0.84,-9.13,-26.87,-12.25,29.5,0.63,-2.94,-5.0,-0.02146916692201903,-0.35642277218869184,0.526272751076494,-110.8936168375535,68.44387353354183,3.2892294003721183,0.0675,-0.8236,0.5624,0.0287,0
2036883.0,756.915506,1.0,-1.48,-0.84,-9.13,-26.87,-12.25,29.5,0.63,-2.94,-5.0,-0.02146916692201903,-0.35642277218869184,0.526272751076494,-110.8936168375535,68.44387353354183,3.2892294003721183,0.0675,-0.8236,0.5624,0.0287,0
2036918.0,756.9555,1.0,-1.53,-1.42,-9.55,-27.19,-12.69,29.19,5.31,6.69,-2.75,0.4558321041120525,-0.5596936188206507,0.05786750443101418,-111.01493444523936,68.33304155520281,3.1172748668896637,0.068,-0.8242,0.5616,0.0272,0
2036918.0,756.9555,1.0,-1.53,-1.42,-9.55,-27.19,-12.69,29.19,5.31,6.69,-2.75,0.4558321041120525,-0.5596936188206507,0.05786750443101418,-111.01493444523936,68.33304155520281,3.1172748668896637,0.068,-0.8242,0.5616,0.0272,0
2036953.0,756.971862,1.0,-0.95,-0.63,-10.26,-27.19,-12.69,29.19,-12.44,2.63,5.75,-0.06773833526470349,0.31123278754505035,-0.5115642674928242,-110.91382347990452,68.47159291816317,3.048495041051397,0.0655,-0.8237,0.5626,0.0266,0
2036953.0,756.971862,1.0,-0.95,-0.63,-10.26,-27.19,-12.69,29.19,-12.44,2.63,5.75,-0.06773833526470349,0.31123278754505035,-0.5115642674928242,-110.91382347990452,68.47159291816317,3.048495041051397,0.0655,-0.8237,0.5626,0.0266,0
2036987.0,756.974701,1.0,-1.04,-0.81,-10.05,-26.87,-11.88,29.19,-9.88,-15.06,5.81,0.16339568109370195,0.17395630447497984,-0.3266239554170429,-110.75231492282506,68.62413121482328,3.5873017007906127,0.0646,-0.8229,0.5637,0.0313,0
2036987.0,756.974701,1.0,-1.04,-0.81,-10.05,-26.87,-11.88,29.19,-9.88,-15.06,5.81,0.16339568109370195,0.17395630447497984,-0.3266239554170429,-110.75231492282506,68.62413121482328,3.5873017007906127,0.0646,-0.8229,0.5637,0.0313,0
2037024.0,757.055752,1.0,-1.49,-0.4,-9.16,-26.87,-12.25,28.75,0.63,1.94,0.25,-0.3404083220820396,-0.20847430655615384,0.5262210962389648,-110.75231492282506,68.62413121482328,3.7478120989556993,0.0645,-0.8229,0.5637,0.0327,0
2037024.0,757.055752,1.0,-1.49,-0.4,-9.16,-26.87,-12.25,28.75,0.63,1.94,0.25,-0.3404083220820396,-0.20847430655615384,0.5262210962389648,-110.75231492282506,68.62413121482328,3.7478120989556993,0.0645,-0.8229,0.5637,0.0327,0
2037061.0,757.061223,1.0,-1.17,-0.41,-9.85,-26.87,-12.25,28.75,3.88,4.5,-4.0,-0.2618799310815274,0.1600161369599386,-0.11631899811790625,-110.85321906669195,68.51318055335086,3.5185137037623337,0.0645,-0.8234,0.5629,0.0307,0
2037061.0,757.061223,1.0,-1.17,-0.41,-9.85,-26.87,-12.25,28.75,3.88,4.5,-4.0,-0.2618799310815274,0.1600161369599386,-0.11631899811790625,-110.85321906669195,68.51318055335086,3.5185137037623337,0.0645,-0.8234,0.5629,0.0307,0
2037094.0,757.107083,1.0,-1.15,-1.05,-9.66,-26.87,-11.88,28.75,4.63,4.63,-12.19,0.325149893980995,-0.09083061194938258,0.0277631847036357,-111.1769826604611,68.20844247958603,3.40386984812725,0.0645,-0.825,0.5607,0.0297,0
2037094.0,757.107083,1.0,-1.15,-1.05,-9.66,-26.87,-11.88,28.75,4.63,4.63,-12.19,0.325149893980995,-0.09083061194938258,0.0277631847036357,-111.1769826604611,68.20844247958603,3.40386984812725,0.0645,-0.825,0.5607,0.0297,0
2037131.0,757.124035,1.0,-1.2,-0.35,-9.38,-26.87,-12.69,28.37,-2.0,-0.25,-3.88,-0.36402598080577486,0.07137868544555595,0.35100141470652524,-111.42068428698192,67.97333851203919,3.2548379133840775,0.0649,-0.8262,0.559,0.0284,0
2037131.0,757.124035,1.0,-1.2,-0.35,-9.38,-26.87,-12.69,28.37,-2.0,-0.25,-3.88,-0.36402598080577486,0.07137868544555595,0.35100141470652524,-111.42068428698192,67.97333851203919,3.2548379133840775,0.0649,-0.8262,0.559,0.0284,0
2037166.0,757.126824,1.0,-1.04,-1.56,-10.61,-26.87,-11.88,28.75,8.31,2.81,-4.56,0.6930378400847159,-0.06084402391472665,-0.9452473468390483,-111.60396041024362,67.76616359207401,2.8421620551927376,0.0671,-0.8271,0.5575,0.0248,0
2037166.0,757.126824,1.0,-1.04,-1.56,-10.61,-26.87,-11.88,28.75,8.31,2.81,-4.56,0.6930378400847159,-0.06084402391472665,-0.9452473468390483,-111.60396041024362,67.76616359207401,2.8421620551927376,0.0671,-0.8271,0.5575,0.0248,0
2037200.0,757.180549,1.0,-1.66,-0.74,-9.17,-26.87,-11.88,28.75,-9.69,-15.63,7.56,-0.17434269522258344,-0.47039197977910113,0.4717458221317532,-111.42068428698192,67.90425219273371,3.415334078437867,0.0674,-0.8262,0.5585,0.0298,0
2037200.0,757.180549,1.0,-1.66,-0.74,-9.17,-26.87,-11.88,28.75,-9.69,-15.63,7.56,-0.17434269522258344,-0.47039197977910113,0.4717458221317532,-111.42068428698192,67.90425219273371,3.415334078437867,0.0674,-0.8262,0.5585,0.0298,0
2037235.0,757.257685,1.0,-1.58,0.02,-9.44,-25.37,-12.69,28.75,-9.75,-5.56,-3.13,-0.7866089916970528,-0.0688714843761018,0.26794447918528164,-111.42068428698192,67.93188335325443,3.793673550039814,0.0658,-0.8262,0.5587,0.0331,0
2037235.0,757.257685,1.0,-1.58,0.02,-9.44,-25.37,-12.69,28.75,-9.75,-5.56,-3.13,-0.7866089916970528,-0.0688714843761018,0.26794447918528164,-111.42068428698192,67.93188335325443,3.793673550039814,0.0658,-0.8262,0.5587,0.0331,0
2037272.0,757.347752,1.0,-1.3,-1.13,-9.58,-26.06,-11.88,29.19,0.75,0.63,-0.81,0.33063107811760956,-0.19347689762551085,0.08057423532141961,-111.52245118481589,67.779967419794,3.6216961826700933,0.0681,-0.8267,0.5576,0.0316,0
2037272.0,757.347752,1.0,-1.3,-1.13,-9.58,-26.06,-11.88,29.19,0.75,0.63,-0.81,0.33063107811760956,-0.19347689762551085,0.08057423532141961,-111.52245118481589,67.779967419794,3.6216961826700933,0.0681,-0.8267,0.5576,0.0316,0
2037309.0,757.356936,1.0,-1.36,-1.06,-9.83,-26.06,-11.88,29.19,-3.81,-4.13,2.5,0.2521269915299017,-0.18542177819082106,-0.1685267274727842,-111.4817285033188,67.80757842682634,3.6904861286986015,0.0677,-0.8265,0.5578,0.0322,0
2037309.0,757.356936,1.0,-1.36,-1.06,-9.83,-26.06,-11.88,29.19,-3.81,-4.13,2.5,0.2521269915299017,-0.18542177819082106,-0.1685267274727842,-111.4817285033188,67.80757842682634,3.6904861286986015,0.0677,-0.8265,0.5578,0.0322,0
2037342.0,757.36264,1.0,-1.47,-1.28,-9.82,-26.87,-13.0,28.37,-2.94,-2.44,0.0,0.48368101031389166,-0.3586510418518255,-0.18680396299198954,-111.52245118481589,67.779967419794,4.057388916858228,0.0662,-0.8267,0.5576,0.0354,0
2037342.0,757.36264,1.0,-1.47,-1.28,-9.82,-26.87,-13.0,28.37,-2.94,-2.44,0.0,0.48368101031389166,-0.3586510418518255,-0.18680396299198954,-111.52245118481589,67.779967419794,4.057388916858228,0.0662,-0.8267,0.5576,0.0354,0
2037377.0,757.401657,1.0,-1.46,-0.62,-9.55,-25.37,-12.25,28.75,0.75,0.94,1.5,-0.11275676117637051,-0.14157458144736734,0.12751044368110875,-111.46137512854487,67.83519390579393,4.103254614165427,0.0662,-0.8264,0.558,0.0358,0
2037377.0,757.401657,1.0,-1.46,-0.62,-9.55,-25.37,-12.25,28.75,0.75,0.94,1.5,-0.11275676117637051,-0.14157458144736734,0.12751044368110875,-111.46137512854487,67.83519390579393,4.103254614165427,0.0662,-0.8264,0.558,0.0358,0
2037413.0,757.462156,1.0,-1.42,-0.99,-9.42,-26.5,-13.0,29.5,-4.13,-2.38,-4.44,0.2462502996317418,-0.25843229472663143,0.23557516281615953,-111.5428205011455,67.75236088092288,4.11472114096103,0.0663,-0.8268,0.5574,0.0359,0
2037413.0,757.462156,1.0,-1.42,-0.99,-9.42,-26.5,-13.0,29.5,-4.13,-2.38,-4.44,0.2462502996317418,-0.25843229472663143,0.23557516281615953,-111.5428205011455,67.75236088092288,4.11472114096103,0.0663,-0.8268,0.5574,0.0359,0
2037448.0,757.46856,1.0,-1.55,-0.77,-9.38,-26.5,-13.0,29.5,-5.0,-5.0,1.19,0.029911082291001923,-0.29153212524744715,0.272820006387521,-111.56319514094507,67.72475880644298,4.332593112917143,0.0657,-0.8269,0.5572,0.0378,0
2037448.0,757.46856,1.0,-1.55,-0.77,-9.38,-26.5,-13.0,29.5,-5.0,-5.0,1.19,0.029911082291001923,-0.29153212524744715,0.272820006387521,-111.56319514094507,67.72475880644298,4.332593112917143,0.0657,-0.8269,0.5572,0.0378,0
2037485.0,757.484229,1.0,-1.6,-0.51,-9.17,-26.06,-11.88,28.37,-4.31,2.63,4.56,-0.20406484561104987,-0.27859732311712426,0.49054882674422196,-111.46137512854487,67.83519390579393,4.424333322525306,0.0648,-0.8264,0.558,0.0386,0
2037485.0,757.484229,1.0,-1.6,-0.51,-9.17,-26.06,-11.88,28.37,-4.31,2.63,4.56,-0.20406484561104987,-0.27859732311712426,0.49054882674422196,-111.46137512854487,67.83519390579393,4.424333322525306,0.0648,-0.8264,0.558,0.0386,0
2037522.0,757.487203,1.0,-1.15,-0.64,-10.11,-26.87,-13.38,28.75,-7.19,12.63,-4.5,0.10299271687585523,0.14679719566995536,-0.38707567237386264,-111.60396041024362,67.76616359207401,4.298191253728037,0.0608,-0.8271,0.5575,0.0375,0
2037522.0,757.487203,1.0,-1.15,-0.64,-10.11,-26.87,-13.38,28.75,-7.19,12.63,-4.5,0.10299271687585523,0.14679719566995536,-0.38707567237386264,-111.60396041024362,67.76616359207401,4.298191253728037,0.0608,-0.8271,0.5575,0.0375,0
2037557.0,757.571499,1.0,-1.27,0.07,-9.32,-26.87,-13.38,28.75,-1.94,-7.25,-3.81,-0.5823617744764826,0.19801530697540862,0.4203917091882623,-111.7059670825154,67.66956803559745,4.401398006442045,0.0608,-0.8276,0.5568,0.0384,0
2037557.0,757.571499,1.0,-1.27,0.07,-9.32,-26.87,-13.38,28.75,-1.94,-7.25,-3.81,-0.5823617744764826,0.19801530697540862,0.4203917091882623,-111.7059670825154,67.66956803559745,4.401398006442045,0.0608,-0.8276,0.5568,0.0384,0
2037590.0,757.581208,1.0,-1.22,-1.16,-9.62,-26.5,-12.69,28.75,9.81,-6.0,-13.06,0.5365178630802474,-0.12152354027544665,0.05596896677187324,-112.09482025042286,67.21492107332485,4.424333322525306,0.064,-0.8295,0.5535,0.0386,0
2037590.0,757.581208,1.0,-1.22,-1.16,-9.62,-26.5,-12.69,28.75,9.81,-6.0,-13.06,0.5365178630802474,-0.12152354027544665,0.05596896677187324,-112.09482025042286,67.21492107332485,4.424333322525306,0.064,-0.8295,0.5535,0.0386,0
2037626.0,757.632743,1.0,-1.37,-1.4,-9.78,-26.06,-13.0,28.0,8.0,0.19,-9.69,0.6802286759889562,-0.314453657721842,-0.139389807154787,-112.42380191368638,66.85755732108709,4.412865642375664,0.065,-0.8311,0.5509,0.0385,0
2037626.0,757.632743,1.0,-1.37,-1.4,-9.78,-26.06,-13.0,28.0,8.0,0.19,-9.69,0.6802286759889562,-0.314453657721842,-0.139389807154787,-112.42380191368638,66.85755732108709,4.412865642375664,0.065,-0.8311,0.5509,0.0385,0
2037663.0,757.725599,1.0,-1.59,-1.02,-9.46,-25.69,-12.25,30.0,-4.06,-2.06,0.44,0.23665795077195478,-0.40004856261336386,0.17108804638839992,-112.4856431571934,66.78891793624743,4.424333322525306,0.066,-0.8314,0.5504,0.0386,0
2037663.0,757.725599,1.0,-1.59,-1.02,-9.46,-25.69,-12.25,30.0,-4.06,-2.06,0.44,0.23665795077195478,-0.40004856261336386,0.17108804638839992,-112.4856431571934,66.78891793624743,4.424333322525306,0.066,-0.8314,0.5504,0.0386,0
2037696.0,757.7319,1.0,-1.43,-1.04,-10.18,-25.69,-12.25,30.0,-6.13,0.25,7.38,0.32527324427938786,-0.16623341931579794,-0.5193106704102135,-112.38260211278737,66.89875398051586,4.435801047006329,0.0651,-0.8309,0.5512,0.0387,0
2037696.0,757.7319,1.0,-1.43,-1.04,-10.18,-25.69,-12.25,30.0,-6.13,0.25,7.38,0.32527324427938786,-0.16623341931579794,-0.5193106704102135,-112.38260211278737,66.89875398051586,4.435801047006329,0.0651,-0.8309,0.5512,0.0387,0
2037733.0,757.744481,1.0,-1.34,-0.28,-9.75,-26.5,-13.0,29.56,4.31,7.5,6.38,-0.3133492491589551,0.11441494814417069,-0.033330765615994906,-112.11534046927386,67.18740530675933,4.447268815934102,0.0634,-0.8296,0.5533,0.0388,0
2037733.0,757.744481,1.0,-1.34,-0.28,-9.75,-26.5,-13.0,29.56,4.31,7.5,6.38,-0.3133492491589551,0.11441494814417069,-0.033330765615994906,-112.11534046927386,67.18740530675933,4.447268815934102,0.0634,-0.8296,0.5533,0.0388,0
2037770.0,757.789974,1.0,-1.19,0.27,-9.9,-26.5,-12.69,29.19,-6.44,3.63,-0.94,-0.7544692058229736,0.44229758667447844,-0.1298558779375174,-112.07430548769132,67.26996578520281,4.366995362783785,0.0615,-0.8294,0.5539,0.0381,0
2037770.0,757.789974,1.0,-1.19,0.27,-9.9,-26.5,-12.69,29.19,-6.44,3.63,-0.94,-0.7544692058229736,0.44229758667447844,-0.1298558779375174,-112.07430548769132,67.26996578520281,4.366995362783785,0.0615,-0.8294,0.5539,0.0381,0
2037803.0,757.807936,1.0,-1.23,-1.06,-9.67,-26.5,-12.69,29.19,-1.5,-7.75,-0.5,0.432845681317239,-0.0971702596891385,0.011314244815446628,-112.15639729539849,67.173649069206,4.355527902560735,0.0637,-0.8298,0.5532,0.038,0
2037803.0,757.807936,1.0,-1.23,-1.06,-9.67,-26.5,-12.69,29.19,-1.5,-7.75,-0.5,0.432845681317239,-0.0971702596891385,0.011314244815446628,-112.15639729539849,67.173649069206,4.355527902560735,0.0637,-0.8298,0.5532,0.038,0
2037837.0,757.868566,1.0,-1.56,-0.58,-9.14,-26.06,-13.0,29.5,-1.75,-8.38,-2.63,-0.093465831871268,-0.2555857383497585,0.5203407186641247,-112.19747600626745,67.09113465509711,4.699571210920838,0.0642,-0.83,0.5526,0.041,0
2037837.0,757.868566,1.0,-1.56,-0.58,-9.14,-26.06,-13.0,29.5,-1.75,-8.38,-2.63,-0.093465831871268,-0.2555857383497585,0.5203407186641247,-112.19747600626745,67.09113465509711,4.699571210920838,0.0642,-0.83,0.5526,0.041,0
2037874.0,757.874161,1.0,-1.69,-1.0,-9.01,-26.06,-12.69,29.87,-1.12,-2.81,-2.88,0.2274129343263666,-0.5370618660278499,0.6036044220752803,-112.32084385114358,66.93996042635567,4.68810243496922,0.0654,-0.8306,0.5515,0.0409,0
2037874.0,757.874161,1.0,-1.69,-1.0,-9.01,-26.06,-12.69,29.87,-1.12,-2.81,-2.88,0.2274129343263666,-0.5370618660278499,0.6036044220752803,-112.32084385114358,66.93996042635567,4.68810243496922,0.0654,-0.8306,0.5515,0.0409,0
2037909.0,757.932754,1.0,-1.49,-1.06,-9.72,-26.06,-12.69,29.87,-2.75,2.56,0.5,0.35909766809178245,-0.27924150304319767,-0.0733891217722018,-112.34142441987676,66.91248837447597,4.66516502390792,0.0649,-0.8307,0.5513,0.0407,0
2037909.0,757.932754,1.0,-1.49,-1.06,-9.72,-26.06,-12.69,29.87,-2.75,2.56,0.5,0.35909766809178245,-0.27924150304319767,-0.0733891217722018,-112.34142441987676,66.91248837447597,4.66516502390792,0.0649,-0.8307,0.5513,0.0407,0
2037944.0,757.935691,1.0,-1.66,-1.33,-9.38,-25.69,-12.69,28.75,7.06,-3.63,-4.81,0.5605351099412016,-0.5866895672587291,0.22278357030718254,-112.46502386355527,66.80264364391536,4.779853967883568,0.0645,-0.8313,0.5505,0.0417,0
2037944.0,757.935691,1.0,-1.66,-1.33,-9.38,-25.69,-12.69,28.75,7.06,-3.63,-4.81,0.5605351099412016,-0.5866895672587291,0.22278357030718254,-112.46502386355527,66.80264364391536,4.779853967883568,0.0645,-0.8313,0.5505,0.0417,0
2037979.0,757.970823,1.0,-1.48,-0.9,-9.63,-26.5,-12.69,28.75,1.75,3.13,-3.5,0.20948555208638803,-0.21586206886896453,0.026730809603245476,-112.56817591001142,66.6928683019733,4.6766337060034004,0.0653,-0.8318,0.5497,0.0408,0
2037979.0,757.970823,1.0,-1.48,-0.9,-9.63,-26.5,-12.69,28.75,1.75,3.13,-3.5,0.20948555208638803,-0.21586206886896453,0.026730809603245476,-112.56817591001142,66.6928683019733,4.6766337060034004,0.0653,-0.8318,0.5497,0.0408,0
2038016.0,757.975624,1.0,-1.17,-0.63,-9.91,-25.69,-13.38,29.5,2.19,3.94,0.63,0.050233893471802515,0.19966090306037507,-0.18992501746152257,-112.56817591001142,66.7203056449738,4.481672390551605,0.0656,-0.8318,0.5499,0.0391,0
2038016.0,757.975624,1.0,-1.17,-0.63,-9.91,-25.69,-13.38,29.5,2.19,3.94,0.63,0.050233893471802515,0.19966090306037507,-0.18992501746152257,-112.56817591001142,66.7203056449738,4.481672390551605,0.0656,-0.8318,0.5499,0.0391,0
