TIME,ELAPSED_SECONDS,PSTATE,acc_x,acc_y,acc_z,mag_x,mag_y,mag_z,gyr_x,gyr_y,gyr_z,lin_x,lin_y,lin_z,eul_x,eul_y,eul_z,qua_w,qua_x,qua_y,qua_z,LABLE
313473.0,150.296,1.0,3.99,3.79,8.5,9.69,-19.0,-39.5,-3.0,-27.25,-21.56,-0.4853665178240939,-1.023471802796956,-0.2557117909641331,-27.006438787370872,-4.378462866761455,-94.86823313784119,-0.6337,-0.2335,-0.0382,-0.7365,0
313473.0,150.296,1.0,3.99,3.79,8.5,9.69,-19.0,-39.5,-3.0,-27.25,-21.56,-0.4853665178240939,-1.023471802796956,-0.2557117909641331,-27.006438787370872,-4.378462866761455,-94.86823313784119,-0.6337,-0.2335,-0.0382,-0.7365,0
313507.0,150.313497,1.0,5.35,4.88,9.09,10.06,-19.37,-40.25,-3.81,-40.5,-31.19,-1.287354428670112,-1.846088197196909,-1.59509008400269,-27.70226118700864,-3.7592774051414257,-93.83987590356698,-0.6389,-0.2394,-0.0328,-0.7304,0
313507.0,150.313497,1.0,5.35,4.88,9.09,10.06,-19.37,-40.25,-3.81,-40.5,-31.19,-1.287354428670112,-1.846088197196909,-1.59509008400269,-27.70226118700864,-3.7592774051414257,-93.83987590356698,-0.6389,-0.2394,-0.0328,-0.7304,0
313540.0,150.356402,1.0,7.63,5.65,8.08,10.06,-19.37,-40.25,22.5,-118.06,-77.62,-2.020892192441975,-3.8361822041049,-1.8820411518542581,-30.318170931025325,-2.544141615361497,-90.55122255000579,-0.6529,-0.2615,-0.0222,-0.7105,0
313540.0,150.356402,1.0,7.63,5.65,8.08,10.06,-19.37,-40.25,22.5,-118.06,-77.62,-2.020892192441975,-3.8361822041049,-1.8820411518542581,-30.318170931025325,-2.544141615361497,-90.55122255000579,-0.6529,-0.2615,-0.0222,-0.7105,0
313577.0,150.427498,1.0,7.1,4.22,9.53,8.19,-18.69,-39.88,22.37,-156.56,-96.19,0.7263881599772863,-2.2372840816672825,-2.5831127168143535,-35.14351465221599,-0.3552344019497601,-84.90830040880186,-0.6732,-0.3019,-0.0031,-0.675,0
313577.0,150.427498,1.0,7.1,4.22,9.53,8.19,-18.69,-39.88,22.37,-156.56,-96.19,0.7263881599772863,-2.2372840816672825,-2.5831127168143535,-35.14351465221599,-0.3552344019497601,-84.90830040880186,-0.6732,-0.3019,-0.0031,-0.675,0
313614.0,150.436214,1.0,10.46,7.39,8.48,4.5,-18.25,-40.25,40.63,-201.94,-110.25,-1.2715197070850548,-4.599985943183802,-4.793263251694537,-39.58320288872563,1.8793858210517667,-79.82246239310318,-0.688,-0.3386,0.0164,-0.6416,0
313614.0,150.436214,1.0,10.46,7.39,8.48,4.5,-18.25,-40.25,40.63,-201.94,-110.25,-1.2715197070850548,-4.599985943183802,-4.793263251694537,-39.58320288872563,1.8793858210517667,-79.82246239310318,-0.688,-0.3386,0.0164,-0.6416,0
313649.0,150.450682,1.0,13.07,8.0,8.28,4.5,-18.25,-40.25,71.06,-287.31,-143.19,0.8640987321020255,-4.799756899768338,-6.914563086505,-48.560478484443564,5.651654820273722,-70.32536827305816,-0.7049,-0.4112,0.0493,-0.5759,0
313649.0,150.450682,1.0,13.07,8.0,8.28,4.5,-18.25,-40.25,71.06,-287.31,-143.19,0.8640987321020255,-4.799756899768338,-6.914563086505,-48.560478484443564,5.651654820273722,-70.32536827305816,-0.7049,-0.4112,0.0493,-0.5759,0
313683.0,150.497309,1.0,11.16,7.34,9.65,-1.5,-18.69,-38.69,81.94,-330.31,-145.81,2.8319140350803154,-0.18816453275809364,-6.425680609204795,-56.575506550853476,9.13114820216436,-61.74108139765568,-0.7112,-0.4739,0.0796,-0.5131,0
313683.0,150.497309,1.0,11.16,7.34,9.65,-1.5,-18.69,-38.69,81.94,-330.31,-145.81,2.8319140350803154,-0.18816453275809364,-6.425680609204795,-56.575506550853476,9.13114820216436,-61.74108139765568,-0.7112,-0.4739,0.0796,-0.5131,0
313720.0,150.559772,1.0,9.33,8.75,7.5,-9.69,-21.69,-36.75,72.19,-301.44,-152.25,1.5199315913222162,1.7203224523962142,-4.842298720556105,-66.11767701122476,13.311076762780564,-50.45328632935345,-0.7123,-0.5455,0.1159,-0.4262,0
313720.0,150.559772,1.0,9.33,8.75,7.5,-9.69,-21.69,-36.75,72.19,-301.44,-152.25,1.5199315913222162,1.7203224523962142,-4.842298720556105,-66.11767701122476,13.311076762780564,-50.45328632935345,-0.7123,-0.5455,0.1159,-0.4262,0
313755.0,150.567145,1.0,10.21,11.05,2.35,-19.25,-25.69,-31.0,93.31,-271.56,-204.38,0.6099418311165838,-1.9341991225893809,-5.284935228756742,-72.58390841157699,14.835175731606341,-41.41533197987328,-0.7128,-0.5919,0.1291,-0.3536,0
313755.0,150.567145,1.0,10.21,11.05,2.35,-19.25,-25.69,-31.0,93.31,-271.56,-204.38,0.6099418311165838,-1.9341991225893809,-5.284935228756742,-72.58390841157699,14.835175731606341,-41.41533197987328,-0.7128,-0.5919,0.1291,-0.3536,0
313790.0,150.585354,1.0,5.17,12.9,5.11,-19.25,-25.69,-31.0,172.75,-303.94,-149.06,-2.1308630457222204,4.57099601300341,-4.115146512285417,-83.7488111988913,16.96415115593626,-30.21133398212997,-0.6818,-0.6675,0.1475,-0.2606,0
313790.0,150.585354,1.0,5.17,12.9,5.11,-19.25,-25.69,-31.0,172.75,-303.94,-149.06,-2.1308630457222204,4.57099601300341,-4.115146512285417,-83.7488111988913,16.96415115593626,-30.21133398212997,-0.6818,-0.6675,0.1475,-0.2606,0
313827.0,150.633598,1.0,2.93,12.95,2.45,-21.25,-29.87,-22.25,206.0,-148.0,-185.06,-3.15817642941965,3.7035305345763563,-2.7869866161692425,-91.74628360102051,15.910543420989347,-23.495113294365407,-0.6512,-0.7178,0.1384,-0.2036,0
313827.0,150.633598,1.0,2.93,12.95,2.45,-21.25,-29.87,-22.25,206.0,-148.0,-185.06,-3.15817642941965,3.7035305345763563,-2.7869866161692425,-91.74628360102051,15.910543420989347,-23.495113294365407,-0.6512,-0.7178,0.1384,-0.2036,0
313864.0,150.701008,1.0,0.34,12.91,2.4,-21.5,-35.69,-13.88,218.5,-131.25,-188.06,-3.7925507689112297,5.598928331629527,-1.4544449823943442,-102.42963728896297,12.330917071488782,-16.003112701402525,-0.6013,-0.7795,0.1074,-0.1392,0
313864.0,150.701008,1.0,0.34,12.91,2.4,-21.5,-35.69,-13.88,218.5,-131.25,-188.06,-3.7925507689112297,5.598928331629527,-1.4544449823943442,-102.42963728896297,12.330917071488782,-16.003112701402525,-0.6013,-0.7795,0.1074,-0.1392,0
313899.0,150.722041,1.0,1.45,10.76,3.42,-21.5,-35.69,-13.88,194.13,-89.87,-226.06,-1.4328432101791222,6.885254679460145,0.8558551562994836,-107.89927038520268,10.499813733449365,-14.881400387429185,-0.5667,-0.8085,0.0915,-0.1295,0
313899.0,150.722041,1.0,1.45,10.76,3.42,-21.5,-35.69,-13.88,194.13,-89.87,-226.06,-1.4328432101791222,6.885254679460145,0.8558551562994836,-107.89927038520268,10.499813733449365,-14.881400387429185,-0.5667,-0.8085,0.0915,-0.1295,0
313933.0,150.725887,1.0,19.61,16.31,6.25,-14.88,-42.0,-3.0,-566.19,396.69,171.0,1.2250548722718526,-2.718685296295069,-16.28431952624858,-65.31282652906373,23.705831329603118,-42.11442571308733,-0.7332,-0.5396,0.2054,-0.3593,0
313933.0,150.725887,1.0,19.61,16.31,6.25,-14.88,-42.0,-3.0,-566.19,396.69,171.0,1.2250548722718526,-2.718685296295069,-16.28431952624858,-65.31282652906373,23.705831329603118,-42.11442571308733,-0.7332,-0.5396,0.2054,-0.3593,0
313970.0,150.77032,1.0,22.86,-3.25,35.18,-11.88,-29.75,-18.5,1230.69,-73.87,-256.38,28.57007904271318,28.320801961344063,22.154008412205044,-110.22967237255023,-2.0971425933011094,-10.200656128703407,-0.5647,-0.8203,-0.0183,-0.0889,0
313970.0,150.77032,1.0,22.86,-3.25,35.18,-11.88,-29.75,-18.5,1230.69,-73.87,-256.38,28.57007904271318,28.320801961344063,22.154008412205044,-110.22967237255023,-2.0971425933011094,-10.200656128703407,-0.5647,-0.8203,-0.0183,-0.0889,0
314007.0,150.835618,1.0,-7.29,12.06,9.27,-2.38,-59.06,-12.75,34.69,107.37,-77.19,-6.041446814192126,14.372208950415708,3.367618218988312,-115.36530326577596,-3.8853982832056504,-6.443440527613203,-0.5306,-0.8451,-0.0339,-0.0562,0
314007.0,150.835618,1.0,-7.29,12.06,9.27,-2.38,-59.06,-12.75,34.69,107.37,-77.19,-6.041446814192126,14.372208950415708,3.367618218988312,-115.36530326577596,-3.8853982832056504,-6.443440527613203,-0.5306,-0.8451,-0.0339,-0.0562,0
314042.0,150.894909,1.0,10.72,2.62,-0.95,-2.38,-59.06,-12.75,296.13,294.88,-265.88,9.587753183351305,-4.58294587823284,6.683046956665974,-116.77224597329428,-24.197824520118107,-15.598198868035936,-0.4609,-0.8516,-0.2096,-0.1357,0
314042.0,150.894909,1.0,10.72,2.62,-0.95,-2.38,-59.06,-12.75,296.13,294.88,-265.88,9.587753183351305,-4.58294587823284,6.683046956665974,-116.77224597329428,-24.197824520118107,-15.598198868035936,-0.4609,-0.8516,-0.2096,-0.1357,0
314077.0,150.902433,1.0,-3.07,5.96,-2.21,14.56,-41.25,5.69,4.75,-440.13,-349.31,-1.0100269676113556,2.382310092569798,3.2389225279182075,-116.66302751124852,-28.623768504186632,-4.034456312516312,-0.4618,-0.8511,-0.2472,-0.0352,0
314077.0,150.902433,1.0,-3.07,5.96,-2.21,14.56,-41.25,5.69,4.75,-440.13,-349.31,-1.0100269676113556,2.382310092569798,3.2389225279182075,-116.66302751124852,-28.623768504186632,-4.034456312516312,-0.4618,-0.8511,-0.2472,-0.0352,0
314114.0,150.921787,1.0,-1.03,3.36,-5.32,21.19,-33.5,11.38,154.38,-128.88,-287.75,0.5275225683956574,-2.5863344383390676,4.002729418798479,-112.34142441987676,-35.16755548021839,10.937173775974523,-0.4577,-0.8307,-0.3021,0.0953,0
314114.0,150.921787,1.0,-1.03,3.36,-5.32,21.19,-33.5,11.38,154.38,-128.88,-287.75,0.5275225683956574,-2.5863344383390676,4.002729418798479,-112.34142441987676,-35.16755548021839,10.937173775974523,-0.4577,-0.8307,-0.3021,0.0953,0
314150.0,150.925488,1.0,-0.13,-1.69,-6.93,21.19,-33.5,11.38,124.94,-130.81,-301.13,-1.3050303691389842,-6.27325492613574,6.669602284816403,-108.48549085474319,-42.053036389733045,21.800531789289547,-0.4206,-0.8115,-0.3588,0.1891,0
314150.0,150.925488,1.0,-0.13,-1.69,-6.93,21.19,-33.5,11.38,124.94,-130.81,-301.13,-1.3050303691389842,-6.27325492613574,6.669602284816403,-108.48549085474319,-42.053036389733045,21.800531789289547,-0.4206,-0.8115,-0.3588,0.1891,0
314183.0,150.969213,1.0,-4.19,-3.73,-4.49,31.75,-26.0,8.06,-69.12,-233.44,-281.06,-5.105275671125094,-3.500920088757549,6.158524610988258,-100.83357983561886,-46.29505700445262,30.448786092848707,-0.4273,-0.7707,-0.3931,0.2626,0
314183.0,150.969213,1.0,-4.19,-3.73,-4.49,31.75,-26.0,8.06,-69.12,-233.44,-281.06,-5.105275671125094,-3.500920088757549,6.158524610988258,-100.83357983561886,-46.29505700445262,30.448786092848707,-0.4273,-0.7707,-0.3931,0.2626,0
314220.0,151.042401,1.0,-6.33,1.5,-5.57,38.06,-17.19,3.0,-150.19,-171.94,-196.06,-1.016597268733306,-2.9359676526105707,1.8260219585468471,-89.30416461407226,-51.23993373594613,37.49522418973963,-0.4645,-0.7028,-0.4324,0.3214,0
314220.0,151.042401,1.0,-6.33,1.5,-5.57,38.06,-17.19,3.0,-150.19,-171.94,-196.06,-1.016597268733306,-2.9359676526105707,1.8260219585468471,-89.30416461407226,-51.23993373594613,37.49522418973963,-0.4645,-0.7028,-0.4324,0.3214,0
314257.0,151.062568,1.0,-3.86,-2.93,-6.73,42.19,-10.25,-6.69,6.69,-26.19,-211.88,-3.7562194273935434,-5.571568762257547,4.946008361213279,-84.07240023072654,-55.744276234982536,40.840097916410194,-0.4598,-0.6696,-0.4675,0.3489,0
314257.0,151.062568,1.0,-3.86,-2.93,-6.73,42.19,-10.25,-6.69,6.69,-26.19,-211.88,-3.7562194273935434,-5.571568762257547,4.946008361213279,-84.07240023072654,-55.744276234982536,40.840097916410194,-0.4598,-0.6696,-0.4675,0.3489,0
314290.0,151.111211,1.0,0.01,-6.2,-11.03,42.19,-10.25,-6.69,12.0,-5.75,-126.37,-5.443410950267465,-11.168617429811526,7.412435737863355,-80.54144798375754,-59.40545261479044,44.48160022735979,-0.4398,-0.6464,-0.4955,0.3785,0
314290.0,151.111211,1.0,0.01,-6.2,-11.03,42.19,-10.25,-6.69,12.0,-5.75,-126.37,-5.443410950267465,-11.168617429811526,7.412435737863355,-80.54144798375754,-59.40545261479044,44.48160022735979,-0.4398,-0.6464,-0.4955,0.3785,0
314327.0,151.130593,1.0,-7.92,-7.84,0.39,44.75,-5.56,-11.06,-11.31,-74.19,-57.63,-9.176709584665538,1.6142759914349716,3.6807856346892365,-78.23310832001326,-59.57702913707414,47.281416405631816,-0.4409,-0.6309,-0.4968,0.401,0
314327.0,151.130593,1.0,-7.92,-7.84,0.39,44.75,-5.56,-11.06,-11.31,-74.19,-57.63,-9.176709584665538,1.6142759914349716,3.6807856346892365,-78.23310832001326,-59.57702913707414,47.281416405631816,-0.4409,-0.6309,-0.4968,0.401,0
314363.0,151.177003,1.0,-11.82,3.85,4.59,42.5,-1.19,-13.5,-105.69,-132.75,24.75,1.5213591919360487,7.078716346560287,-1.2920094277890986,-73.96915070870061,-58.93107948112415,48.05812824174451,-0.4799,-0.6016,-0.4919,0.4072,0
314363.0,151.177003,1.0,-11.82,3.85,4.59,42.5,-1.19,-13.5,-105.69,-132.75,24.75,1.5213591919360487,7.078716346560287,-1.2920094277890986,-73.96915070870061,-58.93107948112415,48.05812824174451,-0.4799,-0.6016,-0.4919,0.4072,0
314398.0,151.19617,1.0,-9.07,0.76,-1.57,42.5,-1.19,-13.5,51.31,102.06,-47.31,-0.8179613278335629,0.41410162555697094,0.616064648136943,-73.61093410103018,-59.85450246207203,47.78225428161779,-0.4777,-0.5991,-0.4989,0.405,0
314398.0,151.19617,1.0,-9.07,0.76,-1.57,42.5,-1.19,-13.5,51.31,102.06,-47.31,-0.8179613278335629,0.41410162555697094,0.616064648136943,-73.61093410103018,-59.85450246207203,47.78225428161779,-0.4777,-0.5991,-0.4989,0.405,0
314433.0,151.234126,1.0,-4.43,-7.82,-5.25,40.5,-0.25,-15.0,130.5,64.94,-92.06,-7.8061983353975055,-4.584369650789932,4.669858934232055,-76.57386047071425,-62.38298555543359,49.30326654818019,-0.4171,-0.6196,-0.5179,0.4171,0
314433.0,151.234126,1.0,-4.43,-7.82,-5.25,40.5,-0.25,-15.0,130.5,64.94,-92.06,-7.8061983353975055,-4.584369650789932,4.669858934232055,-76.57386047071425,-62.38298555543359,49.30326654818019,-0.4171,-0.6196,-0.5179,0.4171,0
314468.0,151.241746,1.0,-9.52,-5.63,-2.44,41.69,0.5,-14.56,4.19,-59.31,-3.25,-6.244387741196448,-0.49852588348146476,0.37054944515773336,-75.80214927173115,-61.634306776683935,51.417921136815835,-0.4146,-0.6143,-0.5123,0.4338,0
314468.0,151.241746,1.0,-9.52,-5.63,-2.44,41.69,0.5,-14.56,4.19,-59.31,-3.25,-6.244387741196448,-0.49852588348146476,0.37054944515773336,-75.80214927173115,-61.634306776683935,51.417921136815835,-0.4146,-0.6143,-0.5123,0.4338,0
314505.0,151.311889,1.0,-7.76,-2.77,-2.03,42.19,1.25,-15.38,2.0,-99.0,25.19,-3.3147611676373723,-0.5644724139009045,2.015300354690262,-74.58726608016605,-60.15884633673368,52.76991465901129,-0.4291,-0.6059,-0.5012,0.4444,0
314505.0,151.311889,1.0,-7.76,-2.77,-2.03,42.19,1.25,-15.38,2.0,-99.0,25.19,-3.3147611676373723,-0.5644724139009045,2.015300354690262,-74.58726608016605,-60.15884633673368,52.76991465901129,-0.4291,-0.6059,-0.5012,0.4444,0
314537.0,151.335427,1.0,-9.49,-3.46,1.25,42.19,1.25,-15.38,40.25,-108.87,5.19,-4.546158749070314,2.1566536904134863,0.9593065858514738,-73.21072347606676,-57.0836297204198,56.068593069762564,-0.4419,-0.5963,-0.4778,0.47,0
314537.0,151.335427,1.0,-9.49,-3.46,1.25,42.19,1.25,-15.38,40.25,-108.87,5.19,-4.546158749070314,2.1566536904134863,0.9593065858514738,-73.21072347606676,-57.0836297204198,56.068593069762564,-0.4419,-0.5963,-0.4778,0.47,0
314574.0,151.378194,1.0,-12.07,-4.33,4.48,40.25,1.37,-18.19,-2.31,-13.63,-0.31,-6.077144052591992,5.309864516145806,-1.1193675262636962,-72.54126289658385,-56.38039768350901,57.13581405595553,-0.4452,-0.5916,-0.4724,0.4782,0
314574.0,151.378194,1.0,-12.07,-4.33,4.48,40.25,1.37,-18.19,-2.31,-13.63,-0.31,-6.077144052591992,5.309864516145806,-1.1193675262636962,-72.54126289658385,-56.38039768350901,57.13581405595553,-0.4452,-0.5916,-0.4724,0.4782,0
314611.0,151.457808,1.0,-9.47,-5.54,3.9,39.56,1.69,-19.75,-46.75,258.88,-22.06,-6.862038646612131,5.534882660890618,2.200073927773154,-75.81667229763627,-61.487588485604824,51.31619778683095,-0.4167,-0.6144,-0.5112,0.433,0
314611.0,151.457808,1.0,-9.47,-5.54,3.9,39.56,1.69,-19.75,-46.75,258.88,-22.06,-6.862038646612131,5.534882660890618,2.200073927773154,-75.81667229763627,-61.487588485604824,51.31619778683095,-0.4167,-0.6144,-0.5112,0.433,0
314646.0,151.51361,1.0,-3.37,-4.39,-5.88,39.56,1.69,-19.75,-165.19,349.19,-19.06,-4.584717882546443,-4.027566263773972,4.518694636310871,-78.89931607211645,-69.05476022725051,41.967112565300916,-0.3831,-0.6354,-0.5668,0.3581,0
314646.0,151.51361,1.0,-3.37,-4.39,-5.88,39.56,1.69,-19.75,-165.19,349.19,-19.06,-4.584717882546443,-4.027566263773972,4.518694636310871,-78.89931607211645,-69.05476022725051,41.967112565300916,-0.3831,-0.6354,-0.5668,0.3581,0
314681.0,151.534503,1.0,-8.95,0.95,-2.78,42.56,2.06,-13.38,-176.0,120.0,35.88,-0.3884575263533647,2.4700594655153902,0.7247280124999307,-78.89931607211645,-73.89744006262889,33.15356371555689,-0.3918,-0.6354,-0.6011,0.2853,0
314681.0,151.534503,1.0,-8.95,0.95,-2.78,42.56,2.06,-13.38,-176.0,120.0,35.88,-0.3884575263533647,2.4700594655153902,0.7247280124999307,-78.89931607211645,-73.89744006262889,33.15356371555689,-0.3918,-0.6354,-0.6011,0.2853,0
314716.0,151.538217,1.0,-7.6,-3.36,-2.91,46.75,-0.06,-7.0,-31.44,288.75,-31.37,-4.416161126748687,2.809629025283437,2.727016842633825,-79.77765133500274,-78.36609695169301,27.678657073649997,-0.3639,-0.6413,-0.6318,0.2392,0
314716.0,151.538217,1.0,-7.6,-3.36,-2.91,46.75,-0.06,-7.0,-31.44,288.75,-31.37,-4.416161126748687,2.809629025283437,2.727016842633825,-79.77765133500274,-78.36609695169301,27.678657073649997,-0.3639,-0.6413,-0.6318,0.2392,0
314753.0,151.585692,1.0,-4.43,-6.54,-1.91,54.88,-5.38,-2.06,-35.88,393.44,17.19,-6.9182822114017135,2.973547214233834,6.750510571223094,-82.63025542276527,-85.32834664281017,17.93799404290059,-0.2839,-0.6602,-0.6777,0.1559,0
314753.0,151.585692,1.0,-4.43,-6.54,-1.91,54.88,-5.38,-2.06,-35.88,393.44,17.19,-6.9182822114017135,2.973547214233834,6.750510571223094,-82.63025542276527,-85.32834664281017,17.93799404290059,-0.2839,-0.6602,-0.6777,0.1559,0
314787.0,151.604525,1.0,7.04,3.39,-19.09,54.88,-5.38,-2.06,-97.19,386.94,36.19,-0.40112571321838164,-13.440001749831634,-5.835832255918264,-86.86507311557956,-88.21391588431884,6.2024314124588535,-0.2001,-0.6875,-0.696,0.0541,0
314787.0,151.604525,1.0,7.04,3.39,-19.09,54.88,-5.38,-2.06,-97.19,386.94,36.19,-0.40112571321838164,-13.440001749831634,-5.835832255918264,-86.86507311557956,-88.21391588431884,6.2024314124588535,-0.2001,-0.6875,-0.696,0.0541,0
314824.0,151.647769,1.0,-2.35,0.9,-14.9,78.75,-26.25,34.75,-89.31,-75.12,98.69,-2.3256158099990576,-3.3410353159830857,-4.745720738874004,-88.24583799153994,-86.37687760452374,6.569694717687417,-0.2089,-0.6962,-0.6844,0.0573,0
314824.0,151.647769,1.0,-2.35,0.9,-14.9,78.75,-26.25,34.75,-89.31,-75.12,98.69,-2.3256158099990576,-3.3410353159830857,-4.745720738874004,-88.24583799153994,-86.37687760452374,6.569694717687417,-0.2089,-0.6962,-0.6844,0.0573,0
314861.0,151.655598,1.0,-0.05,5.19,-15.1,20.25,-31.75,51.25,-124.0,-189.88,10.44,0.8398450616431417,-7.6365839331104475,-4.190701396067507,-86.88085409815075,-83.10407566239712,8.809306149715164,-0.2851,-0.6876,-0.6633,0.0768,0
314861.0,151.655598,1.0,-0.05,5.19,-15.1,20.25,-31.75,51.25,-124.0,-189.88,10.44,0.8398450616431417,-7.6365839331104475,-4.190701396067507,-86.88085409815075,-83.10407566239712,8.809306149715164,-0.2851,-0.6876,-0.6633,0.0768,0
314896.0,151.71662,1.0,-7.1,-0.46,-11.38,20.25,-31.75,51.25,61.25,-201.56,88.25,-4.550160173579167,-0.7825182691006098,-2.795322367581905,-87.68843823597487,-79.27081086102143,12.250239375241623,-0.3192,-0.6927,-0.6379,0.1067,0
314896.0,151.71662,1.0,-7.1,-0.46,-11.38,20.25,-31.75,51.25,61.25,-201.56,88.25,-4.550160173579167,-0.7825182691006098,-2.795322367581905,-87.68843823597487,-79.27081086102143,12.250239375241623,-0.3192,-0.6927,-0.6379,0.1067,0
314929.0,151.724204,1.0,-5.95,-3.52,-8.3,12.0,-19.19,36.75,100.19,-214.88,92.81,-6.2600798616722395,-1.6917738939927525,1.1676569326865245,-90.9754057740677,-71.81805792972114,19.273367657733324,-0.3458,-0.7131,-0.5865,0.1674,0
314929.0,151.724204,1.0,-5.95,-3.52,-8.3,12.0,-19.19,36.75,100.19,-214.88,92.81,-6.2600798616722395,-1.6917738939927525,1.1676569326865245,-90.9754057740677,-71.81805792972114,19.273367657733324,-0.3458,-0.7131,-0.5865,0.1674,0
314966.0,151.787716,1.0,-6.41,-4.28,-3.07,15.06,-29.06,48.06,56.56,-312.63,81.31,-6.342790554139927,0.9152553643264976,4.537616350042461,-91.46684165640444,-65.44898558136794,25.876405289927124,-0.3806,-0.7161,-0.5406,0.2239,0
314966.0,151.787716,1.0,-6.41,-4.28,-3.07,15.06,-29.06,48.06,56.56,-312.63,81.31,-6.342790554139927,0.9152553643264976,4.537616350042461,-91.46684165640444,-65.44898558136794,25.876405289927124,-0.3806,-0.7161,-0.5406,0.2239,0
315002.0,151.808751,1.0,-10.18,-0.15,3.8,31.69,-56.25,47.38,-54.63,18.44,33.75,-3.4680921003004754,8.486137174704151,3.9711797502311166,-90.46983065734315,-61.51425621963604,28.576466242295997,-0.4166,-0.71,-0.5114,0.2468,0
315002.0,151.808751,1.0,-10.18,-0.15,3.8,31.69,-56.25,47.38,-54.63,18.44,33.75,-3.4680921003004754,8.486137174704151,3.9711797502311166,-90.46983065734315,-61.51425621963604,28.576466242295997,-0.4166,-0.71,-0.5114,0.2468,0
315037.0,151.850172,1.0,-7.87,0.34,0.82,31.69,-56.25,47.38,28.87,110.0,-40.0,-2.2579580282656444,5.3255681994935316,4.396950480143658,-91.58182113625665,-64.20019215099852,25.476804175852635,-0.394,-0.7168,-0.5314,0.2205,0
315037.0,151.850172,1.0,-7.87,0.34,0.82,31.69,-56.25,47.38,28.87,110.0,-40.0,-2.2579580282656444,5.3255681994935316,4.396950480143658,-91.58182113625665,-64.20019215099852,25.476804175852635,-0.394,-0.7168,-0.5314,0.2205,0
315074.0,151.8746,1.0,-5.45,0.9,-2.82,24.37,-42.5,45.38,85.25,89.75,-18.06,-1.1419676443151625,1.4138508481718457,3.876908380126414,-93.03756733183539,-65.65341937322533,24.702001461626935,-0.3658,-0.7256,-0.5421,0.2139,0
315074.0,151.8746,1.0,-5.45,0.9,-2.82,24.37,-42.5,45.38,85.25,89.75,-18.06,-1.1419676443151625,1.4138508481718457,3.876908380126414,-93.03756733183539,-65.65341937322533,24.702001461626935,-0.3658,-0.7256,-0.5421,0.2139,0
315111.0,151.923737,1.0,-5.42,-3.02,-3.84,16.56,-44.38,54.56,97.5,208.0,-53.19,-4.71939262967857,0.5997447840344536,4.274015961772001,-94.83435769046785,-68.19460380315535,23.05052764872174,-0.3221,-0.7363,-0.5606,0.1998,0
315111.0,151.923737,1.0,-5.42,-3.02,-3.84,16.56,-44.38,54.56,97.5,208.0,-53.19,-4.71939262967857,0.5997447840344536,4.274015961772001,-94.83435769046785,-68.19460380315535,23.05052764872174,-0.3221,-0.7363,-0.5606,0.1998,0
315146.0,151.93955,1.0,-7.01,-2.9,-5.38,16.56,-44.38,54.56,88.25,248.13,-17.75,-4.952958753255331,2.018038529443416,2.198087712535088,-97.99832666971392,-71.50710720400171,18.320928845487863,-0.2524,-0.7547,-0.5843,0.1592,0
315146.0,151.93955,1.0,-7.01,-2.9,-5.38,16.56,-44.38,54.56,88.25,248.13,-17.75,-4.952958753255331,2.018038529443416,2.198087712535088,-97.99832666971392,-71.50710720400171,18.320928845487863,-0.2524,-0.7547,-0.5843,0.1592,0
315179.0,151.995833,1.0,-1.63,-8.83,-16.04,12.75,-47.06,71.25,110.0,418.19,-50.88,-9.813552154386732,-5.804893386350309,-4.6122544967444785,-100.20622564478923,-76.03469006904193,10.304202691653051,-0.1552,-0.7672,-0.6159,0.0898,0
315179.0,151.995833,1.0,-1.63,-8.83,-16.04,12.75,-47.06,71.25,110.0,418.19,-50.88,-9.813552154386732,-5.804893386350309,-4.6122544967444785,-100.20622564478923,-76.03469006904193,10.304202691653051,-0.1552,-0.7672,-0.6159,0.0898,0
315215.0,152.01456,1.0,-3.31,-3.76,-13.71,6.38,-15.75,50.19,-39.75,-56.88,5.63,-5.300847446653735,-2.1249589843743557,-3.626270965375749,-100.1883616821515,-76.4571139486868,8.935735653853005,-0.1501,-0.7671,-0.6188,0.0779,0
315215.0,152.01456,1.0,-3.31,-3.76,-13.71,6.38,-15.75,50.19,-39.75,-56.88,5.63,-5.300847446653735,-2.1249589843743557,-3.626270965375749,-100.1883616821515,-76.4571139486868,8.935735653853005,-0.1501,-0.7671,-0.6188,0.0779,0
315252.0,152.071825,1.0,-1.7,-6.64,-15.57,5.88,-9.75,46.75,-42.88,-83.31,-17.37,-8.078792072389673,-5.927399635568131,-3.941206276938617,-98.85789490415894,-75.91837365235722,11.294085603048902,-0.1867,-0.7596,-0.6151,0.0984,0
315252.0,152.071825,1.0,-1.7,-6.64,-15.57,5.88,-9.75,46.75,-42.88,-83.31,-17.37,-8.078792072389673,-5.927399635568131,-3.941206276938617,-98.85789490415894,-75.91837365235722,11.294085603048902,-0.1867,-0.7596,-0.6151,0.0984,0
315287.0,152.112435,1.0,-1.48,-4.73,-8.86,5.88,-9.75,46.75,-143.56,-391.56,56.5,-5.746195070115334,-4.329631360966259,2.644357455407893,-97.7889502665729,-72.79731116496349,15.505674829864251,-0.2488,-0.7535,-0.5934,0.1349,0
315287.0,152.112435,1.0,-1.48,-4.73,-8.86,5.88,-9.75,46.75,-143.56,-391.56,56.5,-5.746195070115334,-4.329631360966259,2.644357455407893,-97.7889502665729,-72.79731116496349,15.505674829864251,-0.2488,-0.7535,-0.5934,0.1349,0
315324.0,152.12032,1.0,-12.74,4.35,7.29,-0.19,-20.75,67.19,-75.87,-440.31,112.56,-0.263736630663546,14.12051203037143,3.8976921401246987,-95.30961142661363,-62.14201779296097,26.06456338881546,-0.3694,-0.7391,-0.5161,0.2255,0
315324.0,152.12032,1.0,-12.74,4.35,7.29,-0.19,-20.75,67.19,-75.87,-440.31,112.56,-0.263736630663546,14.12051203037143,3.8976921401246987,-95.30961142661363,-62.14201779296097,26.06456338881546,-0.3694,-0.7391,-0.5161,0.2255,0
315361.0,152.141035,1.0,-10.05,0.33,3.57,49.69,-81.0,42.88,1.88,41.13,-10.94,-3.381803073395685,8.396739788704783,4.157360762091089,-94.02458435289965,-59.99999999999999,28.6474215027532,-0.392,-0.7315,-0.5,0.2474,0
315361.0,152.141035,1.0,-10.05,0.33,3.57,49.69,-81.0,42.88,1.88,41.13,-10.94,-3.381803073395685,8.396739788704783,4.157360762091089,-94.02458435289965,-59.99999999999999,28.6474215027532,-0.392,-0.7315,-0.5,0.2474,0
315394.0,152.190508,1.0,-3.93,-1.94,-4.81,49.69,-81.0,42.88,-27.44,-38.81,-7.13,-3.4545177551378736,-1.8044398995878586,4.595613277023224,-95.65040635419015,-61.781137212047426,26.241026566581304,-0.3683,-0.7411,-0.5134,0.227,0
315394.0,152.190508,1.0,-3.93,-1.94,-4.81,49.69,-81.0,42.88,-27.44,-38.81,-7.13,-3.4545177551378736,-1.8044398995878586,4.595613277023224,-95.65040635419015,-61.781137212047426,26.241026566581304,-0.3683,-0.7411,-0.5134,0.227,0
315428.0,152.265065,1.0,-6.25,-1.76,-1.18,16.5,-97.06,67.0,-44.56,73.19,-49.06,-3.8778366415352656,2.8040884486233733,5.26220603468769,-95.0717153411954,-64.55223852912117,24.045492963672757,-0.3566,-0.7377,-0.534,0.2083,0
315428.0,152.265065,1.0,-6.25,-1.76,-1.18,16.5,-97.06,67.0,-44.56,73.19,-49.06,-3.8778366415352656,2.8040884486233733,5.26220603468769,-95.0717153411954,-64.55223852912117,24.045492963672757,-0.3566,-0.7377,-0.534,0.2083,0
315465.0,152.279053,1.0,-6.72,-0.4,-1.51,-0.56,-117.87,81.0,-97.19,355.94,-135.69,-2.376556885099129,4.062274492787873,4.76200895061572,-92.73822662555116,-72.25725624910815,17.277034050168417,-0.3255,-0.7238,-0.5896,0.1502,0
315465.0,152.279053,1.0,-6.72,-0.4,-1.51,-0.56,-117.87,81.0,-97.19,355.94,-135.69,-2.376556885099129,4.062274492787873,4.76200895061572,-92.73822662555116,-72.25725624910815,17.277034050168417,-0.3255,-0.7238,-0.5896,0.1502,0
315502.0,152.339605,1.0,-2.2,-4.43,-8.69,-0.56,-117.87,81.0,49.75,440.19,-41.63,-6.549477505147053,-1.7816817209375095,2.4642420397426896,-92.88779417994405,-80.52643023917007,6.168003805570945,-0.233,-0.7247,-0.6463,0.0538,0
315502.0,152.339605,1.0,-2.2,-4.43,-8.69,-0.56,-117.87,81.0,49.75,440.19,-41.63,-6.549477505147053,-1.7816817209375095,2.4642420397426896,-92.88779417994405,-80.52643023917007,6.168003805570945,-0.233,-0.7247,-0.6463,0.0538,0
315537.0,152.3441,1.0,0.63,-3.24,-9.55,-3.25,-89.56,74.87,-20.12,136.94,79.31,-5.3483070636998296,-3.8021318037977427,2.123134834470081,-94.63133329841952,-80.67668282320093,1.0886361860699356,-0.2012,-0.7351,-0.6473,0.0095,0
315537.0,152.3441,1.0,0.63,-3.24,-9.55,-3.25,-89.56,74.87,-20.12,136.94,79.31,-5.3483070636998296,-3.8021318037977427,2.123134834470081,-94.63133329841952,-80.67668282320093,1.0886361860699356,-0.2012,-0.7351,-0.6473,0.0095,0
315574.0,152.410083,1.0,-0.22,-4.77,-7.77,-3.25,-27.69,45.19,-90.19,-28.0,56.13,-6.732685599055782,-2.606877354326844,4.234456977161976,-96.30102081146676,-78.60283244211628,-1.535572847865537,-0.2093,-0.7449,-0.6334,-0.0134,0
315574.0,152.410083,1.0,-0.22,-4.77,-7.77,-3.25,-27.69,45.19,-90.19,-28.0,56.13,-6.732685599055782,-2.606877354326844,4.234456977161976,-96.30102081146676,-78.60283244211628,-1.535572847865537,-0.2093,-0.7449,-0.6334,-0.0134,0
315611.0,152.425025,1.0,-5.94,-1.55,-3.59,17.56,-11.56,33.19,-173.31,-27.5,125.37,-4.1155167464092335,4.196675451597848,5.803571551607919,-97.388865555759,-75.58447545064041,-3.793673550039814,-0.243,-0.7512,-0.6128,-0.0331,0
315611.0,152.425025,1.0,-5.94,-1.55,-3.59,17.56,-11.56,33.19,-173.31,-27.5,125.37,-4.1155167464092335,4.196675451597848,5.803571551607919,-97.388865555759,-75.58447545064041,-3.793673550039814,-0.243,-0.7512,-0.6128,-0.0331,0
315645.0,152.433367,1.0,-6.0,2.58,-3.45,17.56,-11.56,33.19,-124.12,109.87,197.5,-1.3872192563507353,4.9906623461697555,4.54092952875078,-100.61802099879914,-69.66789572403633,-10.200656128703407,-0.2713,-0.7695,-0.5712,-0.0889,0
315645.0,152.433367,1.0,-6.0,2.58,-3.45,17.56,-11.56,33.19,-124.12,109.87,197.5,-1.3872192563507353,4.9906623461697555,4.54092952875078,-100.61802099879914,-69.66789572403633,-10.200656128703407,-0.2713,-0.7695,-0.5712,-0.0889,0
315680.0,152.4826,1.0,-4.21,3.34,-3.2,27.0,-12.0,27.5,-83.31,160.94,202.0,-0.8276807010567042,4.1602241952279755,5.210218851539485,-104.76439020470757,-63.754338292508635,-18.92476206303288,-0.2579,-0.7921,-0.5281,-0.1644,0
315680.0,152.4826,1.0,-4.21,3.34,-3.2,27.0,-12.0,27.5,-83.31,160.94,202.0,-0.8276807010567042,4.1602241952279755,5.210218851539485,-104.76439020470757,-63.754338292508635,-18.92476206303288,-0.2579,-0.7921,-0.5281,-0.1644,0
315717.0,152.51003,1.0,-1.58,4.33,-3.49,22.87,-18.25,28.19,-65.62,233.75,155.38,0.31403986541783835,2.5817664168695336,4.6431956202603075,-106.03132620370606,-60.6096061452015,-26.382242705719886,-0.2352,-0.7988,-0.5046,-0.2282,0
315717.0,152.51003,1.0,-1.58,4.33,-3.49,22.87,-18.25,28.19,-65.62,233.75,155.38,0.31403986541783835,2.5817664168695336,4.6431956202603075,-106.03132620370606,-60.6096061452015,-26.382242705719886,-0.2352,-0.7988,-0.5046,-0.2282,0
315754.0,152.567681,1.0,2.63,5.33,-5.44,17.25,-23.0,29.69,-40.94,252.69,153.5,0.6012454038224679,0.14208450895085267,1.7731130481525401,-105.76506603938064,-57.10972027162278,-36.62505057506963,-0.1924,-0.7974,-0.478,-0.3142,0
315754.0,152.567681,1.0,2.63,5.33,-5.44,17.25,-23.0,29.69,-40.94,252.69,153.5,0.6012454038224679,0.14208450895085267,1.7731130481525401,-105.76506603938064,-57.10972027162278,-36.62505057506963,-0.1924,-0.7974,-0.478,-0.3142,0
315789.0,152.57602,1.0,4.92,2.49,-5.3,17.25,-23.0,29.69,32.88,314.19,125.12,-0.9169620188659646,-2.1680028183579685,2.529600842851946,-103.99799847995276,-55.355735416873515,-44.37020029186166,-0.144,-0.788,-0.4645,-0.3776,0
315789.0,152.57602,1.0,4.92,2.49,-5.3,17.25,-23.0,29.69,32.88,314.19,125.12,-0.9169620188659646,-2.1680028183579685,2.529600842851946,-103.99799847995276,-55.355735416873515,-44.37020029186166,-0.144,-0.788,-0.4645,-0.3776,0
315826.0,152.620326,1.0,16.61,-1.38,-9.86,6.75,-25.69,30.75,-20.19,345.81,172.13,-5.728006255132052,-9.866509078733468,-5.8412905335155205,-99.08720853255561,-52.22052340718582,-56.36739676228097,-0.0654,-0.7609,-0.4401,-0.4723,0
315826.0,152.620326,1.0,16.61,-1.38,-9.86,6.75,-25.69,30.75,-20.19,345.81,172.13,-5.728006255132052,-9.866509078733468,-5.8412905335155205,-99.08720853255561,-52.22052340718582,-56.36739676228097,-0.0654,-0.7609,-0.4401,-0.4723,0
315860.0,152.689138,1.0,15.98,-1.24,-11.76,-5.25,-23.5,29.56,-107.19,239.0,133.94,-8.68757203345556,-6.356037398187306,-6.9062935096384255,-95.75286306642671,-47.60685129535254,-64.67425982878002,-0.0299,-0.7417,-0.4036,-0.5349,0
315860.0,152.689138,1.0,15.98,-1.24,-11.76,-5.25,-23.5,29.56,-107.19,239.0,133.94,-8.68757203345556,-6.356037398187306,-6.9062935096384255,-95.75286306642671,-47.60685129535254,-64.67425982878002,-0.0299,-0.7417,-0.4036,-0.5349,0
315895.0,152.755289,1.0,14.89,-3.35,-11.74,-5.25,-23.5,29.56,-70.0,110.56,162.0,-10.65572533681945,-5.716250121267063,-5.1780822998236555,-94.37809988831015,-40.974630229445324,-71.25314422862833,-0.0095,-0.7336,-0.35,-0.5825,0
315895.0,152.755289,1.0,14.89,-3.35,-11.74,-5.25,-23.5,29.56,-70.0,110.56,162.0,-10.65572533681945,-5.716250121267063,-5.1780822998236555,-94.37809988831015,-40.974630229445324,-71.25314422862833,-0.0095,-0.7336,-0.35,-0.5825,0
315930.0,152.763194,1.0,12.03,1.13,-10.41,-17.0,-25.19,24.37,-106.81,5.25,198.75,-7.36682747717392,-0.37051147705064846,-4.334017387606892,-96.86939197442554,-32.926465204924455,-73.72547201814446,0.0081,-0.7482,-0.2834,-0.5999,0
315930.0,152.763194,1.0,12.03,1.13,-10.41,-17.0,-25.19,24.37,-106.81,5.25,198.75,-7.36682747717392,-0.37051147705064846,-4.334017387606892,-96.86939197442554,-32.926465204924455,-73.72547201814446,0.0081,-0.7482,-0.2834,-0.5999,0
315967.0,152.782487,1.0,6.97,-0.71,-5.83,-22.5,-23.87,21.19,-22.75,-4.75,155.5,-4.417207739724826,-1.084012536422988,1.9080999681908137,-99.17554944715711,-28.48187662578674,-73.65387577244137,0.025,-0.7614,-0.246,-0.5994,0
315967.0,152.782487,1.0,6.97,-0.71,-5.83,-22.5,-23.87,21.19,-22.75,-4.75,155.5,-4.417207739724826,-1.084012536422988,1.9080999681908137,-99.17554944715711,-28.48187662578674,-73.65387577244137,0.025,-0.7614,-0.246,-0.5994,0
316004.0,152.786122,1.0,7.78,-1.85,-6.64,-25.75,-21.5,20.37,-76.0,15.5,147.31,-5.244696085981385,-1.7174544709410544,0.9984712378530798,-100.88754619059975,-22.547867348348838,-74.44329258880299,0.0387,-0.771,-0.1955,-0.6049,0
316004.0,152.786122,1.0,7.78,-1.85,-6.64,-25.75,-21.5,20.37,-76.0,15.5,147.31,-5.244696085981385,-1.7174544709410544,0.9984712378530798,-100.88754619059975,-22.547867348348838,-74.44329258880299,0.0387,-0.771,-0.1955,-0.6049,0
316039.0,152.833331,1.0,13.99,5.33,-13.57,-25.75,-21.5,20.37,-208.31,6.63,71.62,-8.715885616564172,5.1101214995955395,-7.691746960245853,-101.21199312357183,-17.462507245696997,-76.02014547215987,0.0203,-0.7728,-0.1518,-0.6158,0
316039.0,152.833331,1.0,13.99,5.33,-13.57,-25.75,-21.5,20.37,-208.31,6.63,71.62,-8.715885616564172,5.1101214995955395,-7.691746960245853,-101.21199312357183,-17.462507245696997,-76.02014547215987,0.0203,-0.7728,-0.1518,-0.6158,0
316076.0,152.896192,1.0,4.09,3.38,-3.78,-28.37,-19.5,17.37,-86.06,-110.94,74.56,-1.9623796863169907,3.124461368545759,4.437506015788403,-104.89590236711722,-12.215665087929846,-73.7541199081015,0.0026,-0.7928,-0.1064,-0.6001,0
316076.0,152.896192,1.0,4.09,3.38,-3.78,-28.37,-19.5,17.37,-86.06,-110.94,74.56,-1.9623796863169907,3.124461368545759,4.437506015788403,-104.89590236711722,-12.215665087929846,-73.7541199081015,0.0026,-0.7928,-0.1064,-0.6001,0
316110.0,152.916162,1.0,4.23,2.65,-2.93,-29.75,-20.06,16.06,-93.5,-63.38,48.5,-1.173041635986331,2.2468854215938796,4.603210827445809,-107.54950844448108,-9.395572354596672,-71.63424070118842,-0.0092,-0.8067,-0.0819,-0.5852,0
316110.0,152.916162,1.0,4.23,2.65,-2.93,-29.75,-20.06,16.06,-93.5,-63.38,48.5,-1.173041635986331,2.2468854215938796,4.603210827445809,-107.54950844448108,-9.395572354596672,-71.63424070118842,-0.0092,-0.8067,-0.0819,-0.5852,0
316145.0,152.919391,1.0,8.97,6.65,-6.87,-29.75,-20.06,16.06,-95.75,-6.44,3.0,-3.3160625792357776,5.515577834001662,-1.6153651517874366,-108.44628015323636,-6.236859579751597,-71.05589605083352,-0.0335,-0.8113,-0.0544,-0.5811,0
316145.0,152.919391,1.0,8.97,6.65,-6.87,-29.75,-20.06,16.06,-95.75,-6.44,3.0,-3.3160625792357776,5.515577834001662,-1.6153651517874366,-108.44628015323636,-6.236859579751597,-71.05589605083352,-0.0335,-0.8113,-0.0544,-0.5811,0
316180.0,152.98284,1.0,9.91,3.57,-7.29,-29.37,-20.75,17.37,-35.06,-71.06,5.06,-3.2218972141290196,2.1516821112195395,-2.403458207294708,-110.51066825702887,-5.135420654691241,-69.01303790274106,-0.0444,-0.8217,-0.0448,-0.5665,0
316180.0,152.98284,1.0,9.91,3.57,-7.29,-29.37,-20.75,17.37,-35.06,-71.06,5.06,-3.2218972141290196,2.1516821112195395,-2.403458207294708,-110.51066825702887,-5.135420654691241,-69.01303790274106,-0.0444,-0.8217,-0.0448,-0.5665,0
316217.0,153.030022,1.0,6.74,-0.15,-4.9,-29.25,-21.69,15.25,3.56,-54.69,11.94,-1.8969430376139873,-1.0496157422268977,1.7592893205152489,-112.65079783642123,-4.75691579950709,-66.91248837447597,-0.0423,-0.8322,-0.0415,-0.5513,0
316217.0,153.030022,1.0,6.74,-0.15,-4.9,-29.25,-21.69,15.25,3.56,-54.69,11.94,-1.8969430376139873,-1.0496157422268977,1.7592893205152489,-112.65079783642123,-4.75691579950709,-66.91248837447597,-0.0423,-0.8322,-0.0415,-0.5513,0
316252.0,153.051434,1.0,7.78,1.35,-6.39,-29.25,-21.69,15.25,-23.0,4.31,-15.0,-2.7859232921347274,0.14898520590497377,0.039386574722545475,-112.91993898771477,-4.619290761920459,-66.56945369468808,-0.0495,-0.8335,-0.0403,-0.5488,0
316252.0,153.051434,1.0,7.78,1.35,-6.39,-29.25,-21.69,15.25,-23.0,4.31,-15.0,-2.7859232921347274,0.14898520590497377,0.039386574722545475,-112.91993898771477,-4.619290761920459,-66.56945369468808,-0.0495,-0.8335,-0.0403,-0.5488,0
316286.0,153.095593,1.0,7.49,0.15,-6.83,-27.75,-22.06,18.69,6.69,-22.62,-15.63,-3.2421185971548443,-1.0935116784192032,0.26388314697757487,-113.35673215233233,-5.020716482682319,-66.07666398061995,-0.0521,-0.8356,-0.0438,-0.5452,0
316286.0,153.095593,1.0,7.49,0.15,-6.83,-27.75,-22.06,18.69,6.69,-22.62,-15.63,-3.2421185971548443,-1.0935116784192032,0.26388314697757487,-113.35673215233233,-5.020716482682319,-66.07666398061995,-0.0521,-0.8356,-0.0438,-0.5452,0
316321.0,153.115231,1.0,8.54,-5.68,-6.99,-27.37,-22.69,18.25,-15.56,-6.88,-2.44,-2.9286765414663574,-7.130209672582589,0.07849170870589006,-113.71219000408915,-4.860139072417077,-65.62614795647175,-0.0584,-0.8373,-0.0424,-0.5419,0
316321.0,153.115231,1.0,8.54,-5.68,-6.99,-27.37,-22.69,18.25,-15.56,-6.88,-2.44,-2.9286765414663574,-7.130209672582589,0.07849170870589006,-113.71219000408915,-4.860139072417077,-65.62614795647175,-0.0584,-0.8373,-0.0424,-0.5419,0
316358.0,153.165825,1.0,8.02,-2.51,-8.15,-27.37,-21.87,18.25,-182.94,-42.25,-26.12,-3.786809698242281,-4.7387869003443726,-0.20569093618584233,-113.94309450479719,-2.647300486778665,-64.79636344196815,-0.0975,-0.8384,-0.0231,-0.5358,0
316358.0,153.165825,1.0,8.02,-2.51,-8.15,-27.37,-21.87,18.25,-182.94,-42.25,-26.12,-3.786809698242281,-4.7387869003443726,-0.20569093618584233,-113.94309450479719,-2.647300486778665,-64.79636344196815,-0.0975,-0.8384,-0.0231,-0.5358,0
316393.0,153.184819,1.0,5.32,-4.37,-3.01,-27.37,-21.87,18.25,-128.94,-48.69,17.87,0.42397168738010227,-5.578503723962355,4.790681079637933,-114.9378688809502,0.6646347687728765,-62.86584483464826,-0.1311,-0.8431,0.0058,-0.5215,0
316393.0,153.184819,1.0,5.32,-4.37,-3.01,-27.37,-21.87,18.25,-128.94,-48.69,17.87,0.42397168738010227,-5.578503723962355,4.790681079637933,-114.9378688809502,0.6646347687728765,-62.86584483464826,-0.1311,-0.8431,0.0058,-0.5215,0
316428.0,153.227388,1.0,5.17,-2.63,-2.84,-25.87,-26.37,15.56,-244.75,-29.37,45.0,0.6318927317788108,-3.9275409448223977,4.718768937881046,-114.23801227723101,4.722508904243301,-61.96817529160684,-0.1676,-0.8398,0.0412,-0.5148,0
316428.0,153.227388,1.0,5.17,-2.63,-2.84,-25.87,-26.37,15.56,-244.75,-29.37,45.0,0.6318927317788108,-3.9275409448223977,4.718768937881046,-114.23801227723101,4.722508904243301,-61.96817529160684,-0.1676,-0.8398,0.0412,-0.5148,0
316467.0,153.286978,1.0,3.74,4.57,-1.94,-26.69,-27.87,13.5,-227.06,-8.69,53.19,-1.6341384098591267,2.7488613275981595,4.476598118539709,-110.91382347990452,11.835420883076138,-60.67598162091822,-0.2362,-0.8237,0.1031,-0.5051,0
316467.0,153.286978,1.0,3.74,4.57,-1.94,-26.69,-27.87,13.5,-227.06,-8.69,53.19,-1.6341384098591267,2.7488613275981595,4.476598118539709,-110.91382347990452,11.835420883076138,-60.67598162091822,-0.2362,-0.8237,0.1031,-0.5051,0
316502.0,153.305881,1.0,4.05,8.22,-2.2,-26.69,-27.87,13.5,-174.81,18.75,67.0,-3.884719931947134,5.285673485735983,3.0404467180611325,-107.91874458790811,16.04940127991137,-60.7025381110459,-0.2672,-0.8086,0.1396,-0.5053,0
316502.0,153.305881,1.0,4.05,8.22,-2.2,-26.69,-27.87,13.5,-174.81,18.75,67.0,-3.884719931947134,5.285673485735983,3.0404467180611325,-107.91874458790811,16.04940127991137,-60.7025381110459,-0.2672,-0.8086,0.1396,-0.5053,0
316536.0,153.354907,1.0,4.68,3.33,-3.62,-27.37,-29.25,9.06,-28.75,96.0,50.81,-2.650825558687816,0.2243356164811685,3.560171200821584,-103.68214546357069,18.634392500869453,-63.457701182653096,-0.2808,-0.7863,0.1619,-0.5259,0
316536.0,153.354907,1.0,4.68,3.33,-3.62,-27.37,-29.25,9.06,-28.75,96.0,50.81,-2.650825558687816,0.2243356164811685,3.560171200821584,-103.68214546357069,18.634392500869453,-63.457701182653096,-0.2808,-0.7863,0.1619,-0.5259,0
316571.0,153.374979,1.0,9.67,5.86,-2.12,-28.87,-29.56,5.56,-173.31,59.19,51.19,-1.8832055697599448,2.37215473955715,-1.291517356533312,-98.27818181792993,22.244146955349763,-65.48985356561043,-0.3132,-0.7563,0.1929,-0.5409,0
316571.0,153.374979,1.0,9.67,5.86,-2.12,-28.87,-29.56,5.56,-173.31,59.19,51.19,-1.8832055697599448,2.37215473955715,-1.291517356533312,-98.27818181792993,22.244146955349763,-65.48985356561043,-0.3132,-0.7563,0.1929,-0.5409,0
316608.0,153.418544,1.0,9.55,10.35,-3.68,-31.87,-28.75,1.69,-282.19,69.62,-44.13,-6.603590149044782,2.8612444745238337,-2.8453568447833852,-92.80467578226568,25.770597576108933,-64.80993560444892,-0.3723,-0.7242,0.223,-0.5359,0
316608.0,153.418544,1.0,9.55,10.35,-3.68,-31.87,-28.75,1.69,-282.19,69.62,-44.13,-6.603590149044782,2.8612444745238337,-2.8453568447833852,-92.80467578226568,25.770597576108933,-64.80993560444892,-0.3723,-0.7242,0.223,-0.5359,0
316641.0,153.428316,1.0,12.05,11.25,-1.19,-31.87,-28.75,1.69,-266.88,57.25,-86.56,-5.432039278501898,2.4952014947318446,-5.60269842157515,-86.0002569525403,28.162782491534042,-62.235691121359,-0.4567,-0.682,0.2433,-0.5168,0
316641.0,153.428316,1.0,12.05,11.25,-1.19,-31.87,-28.75,1.69,-266.88,57.25,-86.56,-5.432039278501898,2.4952014947318446,-5.60269842157515,-86.0002569525403,28.162782491534042,-62.235691121359,-0.4567,-0.682,0.2433,-0.5168,0
316678.0,153.503377,1.0,13.07,20.22,-4.25,-31.19,-30.5,-8.19,-282.25,-17.44,-219.19,-12.768295435660065,-0.07166849793228991,-11.042841487662391,-81.88480291681634,29.132584441928433,-56.419405192147195,-0.5328,-0.6553,0.2515,-0.4727,0
316678.0,153.503377,1.0,13.07,20.22,-4.25,-31.19,-30.5,-8.19,-282.25,-17.44,-219.19,-12.768295435660065,-0.07166849793228991,-11.042841487662391,-81.88480291681634,29.132584441928433,-56.419405192147195,-0.5328,-0.6553,0.2515,-0.4727,0
316717.0,153.52172,1.0,10.64,14.12,-3.16,-27.75,-32.75,-15.25,-1.0,30.31,-280.56,-5.698307675012201,-2.4936944272404507,-7.042100035075213,-81.99103761990294,23.506817731301982,-49.32848435315842,-0.595,-0.656,0.2037,-0.4173,0
316717.0,153.52172,1.0,10.64,14.12,-3.16,-27.75,-32.75,-15.25,-1.0,30.31,-280.56,-5.698307675012201,-2.4936944272404507,-7.042100035075213,-81.99103761990294,23.506817731301982,-49.32848435315842,-0.595,-0.656,0.2037,-0.4173,0
316751.0,153.583352,1.0,8.24,7.6,-1.22,-27.75,-32.75,-15.25,-32.06,-82.75,-304.81,0.16098194871218008,-1.8674123751378513,-1.312381245273615,-84.36588268573803,18.471838381894354,-42.82747400563138,-0.6245,-0.6715,0.1605,-0.3651,0
316751.0,153.583352,1.0,8.24,7.6,-1.22,-27.75,-32.75,-15.25,-32.06,-82.75,-304.81,0.16098194871218008,-1.8674123751378513,-1.312381245273615,-84.36588268573803,18.471838381894354,-42.82747400563138,-0.6245,-0.6715,0.1605,-0.3651,0
316786.0,153.587692,1.0,2.99,14.17,-1.09,-20.25,-37.38,-18.25,-84.56,-265.31,-362.38,-4.781806349690417,-0.5817140865267323,-3.894190731706825,-87.24438704610047,16.396650200988272,-26.770798221316564,-0.6708,-0.6899,0.1426,-0.2315,0
316786.0,153.587692,1.0,2.99,14.17,-1.09,-20.25,-37.38,-18.25,-84.56,-265.31,-362.38,-4.781806349690417,-0.5817140865267323,-3.894190731706825,-87.24438704610047,16.396650200988272,-26.770798221316564,-0.6708,-0.6899,0.1426,-0.2315,0
316821.0,153.640148,1.0,-7.1,18.12,3.6,-9.69,-41.38,-18.0,40.63,-196.0,-308.44,-12.443805784998837,4.549343845524928,-4.89571607354115,-92.19155360917374,13.426452603767608,-12.411600904099071,-0.6749,-0.7205,0.1169,-0.1081,0
316821.0,153.640148,1.0,-7.1,18.12,3.6,-9.69,-41.38,-18.0,40.63,-196.0,-308.44,-12.443805784998837,4.549343845524928,-4.89571607354115,-92.19155360917374,13.426452603767608,-12.411600904099071,-0.6749,-0.7205,0.1169,-0.1081,0
316858.0,153.709423,1.0,-12.2,11.5,5.42,-0.75,-41.69,-17.37,164.75,-73.06,-211.56,-14.421829023519546,6.328273906821282,1.9053718137434057,-97.80638154107426,9.855560741569812,-6.604129057804274,-0.6491,-0.7536,0.0859,-0.0576,0
316858.0,153.709423,1.0,-12.2,11.5,5.42,-0.75,-41.69,-17.37,164.75,-73.06,-211.56,-14.421829023519546,6.328273906821282,1.9053718137434057,-97.80638154107426,9.855560741569812,-6.604129057804274,-0.6491,-0.7536,0.0859,-0.0576,0
316893.0,153.728877,1.0,-10.47,10.39,6.14,-0.75,-41.69,-17.37,103.37,11.81,-229.25,-11.082330510439892,8.118842113806577,1.6495087612783212,-103.27503144100895,2.8192367490322434,-1.4095117183833985,-0.62,-0.7841,0.0246,-0.0123,0
316893.0,153.728877,1.0,-10.47,10.39,6.14,-0.75,-41.69,-17.37,103.37,11.81,-229.25,-11.082330510439892,8.118842113806577,1.6495087612783212,-103.27503144100895,2.8192367490322434,-1.4095117183833985,-0.62,-0.7841,0.0246,-0.0123,0
316930.0,153.732495,1.0,-8.02,6.23,6.09,2.0,-36.88,-13.19,80.12,136.44,-226.69,-7.282786234586547,8.071610119330847,5.112873829065495,-105.822052873486,-4.71104003397371,-0.022918311958021676,-0.6017,-0.7977,-0.0411,-0.0002,0
316930.0,153.732495,1.0,-8.02,6.23,6.09,2.0,-36.88,-13.19,80.12,136.44,-226.69,-7.282786234586547,8.071610119330847,5.112873829065495,-105.822052873486,-4.71104003397371,-0.022918311958021676,-0.6017,-0.7977,-0.0411,-0.0002,0
316966.0,153.778357,1.0,-4.15,1.89,5.35,5.75,-46.56,-11.19,85.94,184.81,-194.88,-2.773952675623777,6.441119948354469,9.322645491436482,-108.17232459490296,-14.996972698908554,-0.6417160846123932,-0.5718,-0.8099,-0.1305,-0.0056,0
316966.0,153.778357,1.0,-4.15,1.89,5.35,5.75,-46.56,-11.19,85.94,184.81,-194.88,-2.773952675623777,6.441119948354469,9.322645491436482,-108.17232459490296,-14.996972698908554,-0.6417160846123932,-0.5718,-0.8099,-0.1305,-0.0056,0
317001.0,153.796863,1.0,-2.87,-1.54,3.66,5.75,-46.56,-11.19,80.25,183.56,-207.0,-2.260403806247139,3.709825994247833,12.072012162018808,-108.68182460772248,-22.89851361952645,-1.2490727279396536,-0.548,-0.8125,-0.1985,-0.0109,0
317001.0,153.796863,1.0,-2.87,-1.54,3.66,5.75,-46.56,-11.19,80.25,183.56,-207.0,-2.260403806247139,3.709825994247833,12.072012162018808,-108.68182460772248,-22.89851361952645,-1.2490727279396536,-0.548,-0.8125,-0.1985,-0.0109,0
317036.0,153.848836,1.0,-3.63,-1.95,1.27,22.25,-41.56,-4.0,-54.63,170.19,-211.13,-3.4509524871128052,2.2731081448413795,11.037993288261129,-105.44284496880753,-33.24922417976444,-2.2919839967771853,-0.5335,-0.7957,-0.2861,-0.02,0
317036.0,153.848836,1.0,-3.63,-1.95,1.27,22.25,-41.56,-4.0,-54.63,170.19,-211.13,-3.4509524871128052,2.2731081448413795,11.037993288261129,-105.44284496880753,-33.24922417976444,-2.2919839967771853,-0.5335,-0.7957,-0.2861,-0.02,0
317071.0,153.924406,1.0,2.09,6.66,-4.06,29.19,-33.88,1.06,-150.44,183.25,-210.75,2.967803180537363,-3.675380225530321,3.2575260525263356,-96.57619970569806,-43.72741569250491,-4.928956774809122,-0.5497,-0.7465,-0.3724,-0.043,0
317071.0,153.924406,1.0,2.09,6.66,-4.06,29.19,-33.88,1.06,-150.44,183.25,-210.75,2.967803180537363,-3.675380225530321,3.2575260525263356,-96.57619970569806,-43.72741569250491,-4.928956774809122,-0.5497,-0.7465,-0.3724,-0.043,0
317108.0,153.944789,1.0,-0.99,2.33,-5.24,31.75,-28.0,2.38,-41.44,104.31,-148.88,-2.1841447865210286,-3.1808771837769063,5.450260222530527,-91.72982641130142,-49.909201333575915,-5.949975106955118,-0.5517,-0.7177,-0.4219,-0.0519,0
317108.0,153.944789,1.0,-0.99,2.33,-5.24,31.75,-28.0,2.38,-41.44,104.31,-148.88,-2.1841447865210286,-3.1808771837769063,5.450260222530527,-91.72982641130142,-49.909201333575915,-5.949975106955118,-0.5517,-0.7177,-0.4219,-0.0519,0
317143.0,153.948264,1.0,-4.13,4.98,-4.86,31.75,-28.0,2.38,-122.5,50.19,-140.81,-2.4403479655692295,-1.0369499566903053,2.161629621069535,-85.1414848365832,-55.29104589567294,-6.294241112432485,-0.5693,-0.6765,-0.464,-0.0549,0
317143.0,153.948264,1.0,-4.13,4.98,-4.86,31.75,-28.0,2.38,-122.5,50.19,-140.81,-2.4403479655692295,-1.0369499566903053,2.161629621069535,-85.1414848365832,-55.29104589567294,-6.294241112432485,-0.5693,-0.6765,-0.464,-0.0549,0
317179.0,154.009502,1.0,-5.12,10.8,-3.89,35.56,-24.0,5.56,-103.19,47.38,-84.75,0.7159129741107668,-0.9644612142464872,-2.7050958086277515,-79.79258672651936,-58.129799069079624,-7.2355343149913205,-0.5905,-0.6414,-0.4858,-0.0631,0
317179.0,154.009502,1.0,-5.12,10.8,-3.89,35.56,-24.0,5.56,-103.19,47.38,-84.75,0.7159129741107668,-0.9644612142464872,-2.7050958086277515,-79.79258672651936,-58.129799069079624,-7.2355343149913205,-0.5905,-0.6414,-0.4858,-0.0631,0
317216.0,154.013086,1.0,-4.08,2.61,-4.23,36.88,-21.37,2.38,34.63,100.69,28.44,-3.3465549790500697,-0.18616201572197322,4.318725667786817,-79.68807312130106,-60.87524327990863,-8.947229783297066,-0.5715,-0.6407,-0.5066,-0.078,0
317216.0,154.013086,1.0,-4.08,2.61,-4.23,36.88,-21.37,2.38,34.63,100.69,28.44,-3.3465549790500697,-0.18616201572197322,4.318725667786817,-79.68807312130106,-60.87524327990863,-8.947229783297066,-0.5715,-0.6407,-0.5066,-0.078,0
317251.0,154.060255,1.0,0.91,4.73,-9.28,36.88,-21.37,2.38,1.88,89.19,58.88,-3.596262370957802,-7.160229681242951,3.089700702061208,-79.92707858608141,-61.287697920308666,-11.881504040605066,-0.563,-0.6423,-0.5097,-0.1035,0
317251.0,154.060255,1.0,0.91,4.73,-9.28,36.88,-21.37,2.38,1.88,89.19,58.88,-3.596262370957802,-7.160229681242951,3.089700702061208,-79.92707858608141,-61.287697920308666,-11.881504040605066,-0.563,-0.6423,-0.5097,-0.1035,0
317286.0,154.079909,1.0,-0.1,11.09,-7.24,36.06,-21.0,6.38,-21.81,69.31,42.56,-0.026629928549863457,-5.607806237852249,-2.191995758818404,-79.80752374562414,-60.636153637362085,-16.257732621833746,-0.5601,-0.6415,-0.5048,-0.1414,0
317286.0,154.079909,1.0,-0.1,11.09,-7.24,36.06,-21.0,6.38,-21.81,69.31,42.56,-0.026629928549863457,-5.607806237852249,-2.191995758818404,-79.80752374562414,-60.636153637362085,-16.257732621833746,-0.5601,-0.6415,-0.5048,-0.1414,0
317321.0,154.128876,1.0,-0.81,6.52,-5.51,34.19,-22.37,6.75,-48.81,5.44,42.06,-1.5602961157992536,-3.2278400302567443,2.017354475365315,-79.83740266974313,-59.96030828751041,-18.40218382722317,-0.5594,-0.6417,-0.4997,-0.1599,0
317321.0,154.128876,1.0,-0.81,6.52,-5.51,34.19,-22.37,6.75,-48.81,5.44,42.06,-1.5602961157992536,-3.2278400302567443,2.017354475365315,-79.83740266974313,-59.96030828751041,-18.40218382722317,-0.5594,-0.6417,-0.4997,-0.1599,0
317358.0,154.195978,1.0,-7.13,11.66,-8.42,33.88,-24.25,7.38,4.5,36.25,27.69,-4.619791283611543,-0.18155676115203345,-5.565840547674664,-80.09163739911392,-58.78635364877628,-19.447737797457524,-0.5626,-0.6434,-0.4908,-0.1689,0
317358.0,154.195978,1.0,-7.13,11.66,-8.42,33.88,-24.25,7.38,4.5,36.25,27.69,-4.619791283611543,-0.18155676115203345,-5.565840547674664,-80.09163739911392,-58.78635364877628,-19.447737797457524,-0.5626,-0.6434,-0.4908,-0.1689,0
317392.0,154.216134,1.0,-2.67,6.95,-8.79,33.88,-24.25,7.38,98.94,80.19,33.56,-4.60802648422862,-2.7973015062350783,-0.3735610097906399,-82.2189722744127,-60.52998522199608,-20.448351223683986,-0.5312,-0.6575,-0.504,-0.1775,0
317392.0,154.216134,1.0,-2.67,6.95,-8.79,33.88,-24.25,7.38,98.94,80.19,33.56,-4.60802648422862,-2.7973015062350783,-0.3735610097906399,-82.2189722744127,-60.52998522199608,-20.448351223683986,-0.5312,-0.6575,-0.504,-0.1775,0
317429.0,154.266414,1.0,-3.19,4.6,-6.81,32.38,-25.0,8.5,84.94,15.63,36.69,-4.164892522258637,-0.887460435833457,2.0879529433158615,-84.89277022411406,-60.54325313283169,-20.05257586733213,-0.5101,-0.6749,-0.5041,-0.1741,0
317429.0,154.266414,1.0,-3.19,4.6,-6.81,32.38,-25.0,8.5,84.94,15.63,36.69,-4.164892522258637,-0.887460435833457,2.0879529433158615,-84.89277022411406,-60.54325313283169,-20.05257586733213,-0.5101,-0.6749,-0.5041,-0.1741,0
317464.0,154.286279,1.0,-4.86,4.25,-7.42,30.06,-25.0,13.06,84.06,44.06,49.19,-5.247587680752734,0.7065897793256093,1.5179797558314707,-88.03849807642652,-60.5830622471752,-20.30863790096007,-0.4813,-0.6949,-0.5044,-0.1763,0
317464.0,154.286279,1.0,-4.86,4.25,-7.42,30.06,-25.0,13.06,84.06,44.06,49.19,-5.247587680752734,0.7065897793256093,1.5179797558314707,-88.03849807642652,-60.5830622471752,-20.30863790096007,-0.4813,-0.6949,-0.5044,-0.1763,0
317499.0,154.289583,1.0,-0.45,6.29,-8.3,30.06,-25.0,13.06,94.81,102.25,120.12,-2.7789526128900137,-2.7515211838096985,0.14418894960718376,-91.08988187212724,-60.238317330964705,-22.068995754971112,-0.4495,-0.7138,-0.5018,-0.1914,0
317499.0,154.289583,1.0,-0.45,6.29,-8.3,30.06,-25.0,13.06,94.81,102.25,120.12,-2.7789526128900137,-2.7515211838096985,0.14418894960718376,-91.08988187212724,-60.238317330964705,-22.068995754971112,-0.4495,-0.7138,-0.5018,-0.1914,0
317534.0,154.334364,1.0,-1.09,4.77,-8.19,29.06,-25.37,15.38,175.69,59.81,184.81,-3.4166284527913615,-1.071047285815594,0.9637654181950577,-98.91076580586659,-57.227167798936335,-23.98691540045918,-0.3873,-0.7599,-0.4789,-0.2078,0
317534.0,154.334364,1.0,-1.09,4.77,-8.19,29.06,-25.37,15.38,175.69,59.81,184.81,-3.4166284527913615,-1.071047285815594,0.9637654181950577,-98.91076580586659,-57.227167798936335,-23.98691540045918,-0.3873,-0.7599,-0.4789,-0.2078,0
317569.0,154.352572,1.0,-0.19,2.8,-7.65,23.87,-26.06,18.87,222.0,85.87,239.0,-3.37457494311546,-1.218247554405035,2.490454482554922,-106.87355122081517,-53.525866533741606,-25.241892093139466,-0.3229,-0.8032,-0.4503,-0.2185,0
317569.0,154.352572,1.0,-0.19,2.8,-7.65,23.87,-26.06,18.87,222.0,85.87,239.0,-3.37457494311546,-1.218247554405035,2.490454482554922,-106.87355122081517,-53.525866533741606,-25.241892093139466,-0.3229,-0.8032,-0.4503,-0.2185,0
317605.0,154.396632,1.0,-0.15,0.15,-8.29,17.87,-24.56,25.0,259.88,60.0,268.44,-4.735212058995909,-1.4844898848312602,3.1626183521092877,-117.98502779819529,-47.59432704723895,-26.25279302590076,-0.2258,-0.8571,-0.4035,-0.2271,0
317605.0,154.396632,1.0,-0.15,0.15,-8.29,17.87,-24.56,25.0,259.88,60.0,268.44,-4.735212058995909,-1.4844898848312602,3.1626183521092877,-117.98502779819529,-47.59432704723895,-26.25279302590076,-0.2258,-0.8571,-0.4035,-0.2271,0
317640.0,154.515287,1.0,0.88,-1.95,-8.74,17.87,-24.56,25.0,175.81,25.06,221.81,-5.106678935637345,-3.015061299303494,3.039395341738633,-125.57083317422124,-42.605998374783326,-26.241026566581304,-0.1601,-0.8893,-0.3633,-0.227,0
317640.0,154.515287,1.0,0.88,-1.95,-8.74,17.87,-24.56,25.0,175.81,25.06,221.81,-5.106678935637345,-3.015061299303494,3.039395341738633,-125.57083317422124,-42.605998374783326,-26.241026566581304,-0.1601,-0.8893,-0.3633,-0.227,0
317677.0,154.572223,1.0,-1.81,3.04,-9.25,10.38,-22.5,29.25,84.87,-25.12,161.94,-4.05583607586394,2.8141730030511636,1.2211491972151904,-132.3546807037213,-37.1323824635344,-25.382826336621633,-0.1163,-0.9148,-0.3184,-0.2197,0
317677.0,154.572223,1.0,-1.81,3.04,-9.25,10.38,-22.5,29.25,84.87,-25.12,161.94,-4.05583607586394,2.8141730030511636,1.2211491972151904,-132.3546807037213,-37.1323824635344,-25.382826336621633,-0.1163,-0.9148,-0.3184,-0.2197,0
317714.0,154.595555,1.0,-0.06,0.6,-8.57,7.69,-19.06,31.06,132.81,20.06,151.0,-3.5697747463988097,0.3588225940251796,2.0004694610942817,-136.68295663578678,-33.57225481905068,-24.960139762282665,-0.0777,-0.9294,-0.2888,-0.2161,0
317714.0,154.595555,1.0,-0.06,0.6,-8.57,7.69,-19.06,31.06,132.81,20.06,151.0,-3.5697747463988097,0.3588225940251796,2.0004694610942817,-136.68295663578678,-33.57225481905068,-24.960139762282665,-0.0777,-0.9294,-0.2888,-0.2161,0
317749.0,154.647765,1.0,-1.61,0.9,-9.22,7.69,-19.06,31.06,68.37,4.69,88.62,-4.741567601587475,1.9337448687096592,1.9206708304665767,-140.0359922172176,-30.413159765182684,-24.889725700371912,-0.0406,-0.9398,-0.2623,-0.2155,0
317749.0,154.647765,1.0,-1.61,0.9,-9.22,7.69,-19.06,31.06,68.37,4.69,88.62,-4.741567601587475,1.9337448687096592,1.9206708304665767,-140.0359922172176,-30.413159765182684,-24.889725700371912,-0.0406,-0.9398,-0.2623,-0.2155,0
317782.0,154.665505,1.0,2.24,-1.46,-11.18,3.5,-16.06,34.19,79.31,50.81,78.81,-3.6061196774108977,-1.305844662787726,-1.0299671192332323,-141.78287468010964,-28.00922419277263,-25.476804175852635,-0.0084,-0.9449,-0.242,-0.2205,0
317782.0,154.665505,1.0,2.24,-1.46,-11.18,3.5,-16.06,34.19,79.31,50.81,78.81,-3.6061196774108977,-1.305844662787726,-1.0299671192332323,-141.78287468010964,-28.00922419277263,-25.476804175852635,-0.0084,-0.9449,-0.242,-0.2205,0
317818.0,154.670155,1.0,1.1,-0.12,-10.04,2.38,-13.75,34.56,27.62,-13.88,55.81,-3.2900558126767625,0.4950387781780216,0.26953988437420584,-143.2814024718206,-26.370473139201327,-25.0892571067724,0.0043,-0.9491,-0.2281,-0.2172,0
317818.0,154.670155,1.0,1.1,-0.12,-10.04,2.38,-13.75,34.56,27.62,-13.88,55.81,-3.2900558126767625,0.4950387781780216,0.26953988437420584,-143.2814024718206,-26.370473139201327,-25.0892571067724,0.0043,-0.9491,-0.2281,-0.2172,0
317855.0,154.673166,1.0,0.86,0.89,-10.84,2.38,-13.75,34.56,9.06,-11.88,32.19,-3.2698079580464507,1.671059181975965,-0.46725953473067783,-144.53918747848587,-25.136216886638973,-24.56125248965988,0.0104,-0.9525,-0.2176,-0.2127,0
317855.0,154.673166,1.0,0.86,0.89,-10.84,2.38,-13.75,34.56,9.06,-11.88,32.19,-3.2698079580464507,1.671059181975965,-0.46725953473067783,-144.53918747848587,-25.136216886638973,-24.56125248965988,0.0104,-0.9525,-0.2176,-0.2127,0
317888.0,154.716793,1.0,1.36,-0.78,-10.5,1.19,-11.56,34.69,47.0,-32.63,35.0,-3.18886374101279,0.09895881380863225,-0.319028011591298,-145.76376947074462,-24.38536915234885,-23.518522416981746,0.022,-0.9557,-0.2112,-0.2038,0
317888.0,154.716793,1.0,1.36,-0.78,-10.5,1.19,-11.56,34.69,47.0,-32.63,35.0,-3.18886374101279,0.09895881380863225,-0.319028011591298,-145.76376947074462,-24.38536915234885,-23.518522416981746,0.022,-0.9557,-0.2112,-0.2038,0
317925.0,154.736573,1.0,-0.05,-1.1,-9.38,2.0,-11.19,35.5,44.38,-61.31,29.94,-3.651825179179228,0.3341422608452101,1.1032356234331875,-147.84997349806363,-23.682414211849775,-21.054133663315955,0.0342,-0.9609,-0.2052,-0.1827,0
317925.0,154.736573,1.0,-0.05,-1.1,-9.38,2.0,-11.19,35.5,44.38,-61.31,29.94,-3.651825179179228,0.3341422608452101,1.1032356234331875,-147.84997349806363,-23.682414211849775,-21.054133663315955,0.0342,-0.9609,-0.2052,-0.1827,0
317960.0,154.782894,1.0,-0.68,-3.25,-13.1,2.88,-10.06,36.25,37.44,-41.13,14.13,-5.998835656426891,-0.7256247290066413,-2.2814573588811005,-148.73080219796103,-23.506817731301982,-19.71519382901285,0.0425,-0.963,-0.2037,-0.1712,0
317960.0,154.782894,1.0,-0.68,-3.25,-13.1,2.88,-10.06,36.25,37.44,-41.13,14.13,-5.998835656426891,-0.7256247290066413,-2.2814573588811005,-148.73080219796103,-23.506817731301982,-19.71519382901285,0.0425,-0.963,-0.2037,-0.1712,0
317995.0,154.804259,1.0,4.55,2.89,-12.62,2.88,-10.06,36.25,-46.63,-101.56,12.75,1.8120180929575342,2.4654612571104773,-3.5708344877683054,-151.2538864729402,-23.062222735417254,-16.466118077182383,0.0331,-0.9687,-0.1999,-0.1432,0
317995.0,154.804259,1.0,4.55,2.89,-12.62,2.88,-10.06,36.25,-46.63,-101.56,12.75,1.8120180929575342,2.4654612571104773,-3.5708344877683054,-151.2538864729402,-23.062222735417254,-16.466118077182383,0.0331,-0.9687,-0.1999,-0.1432,0
318031.0,154.865653,1.0,-4.46,-3.1,-6.44,4.0,-7.75,36.06,92.19,-79.62,12.19,-6.569227075132998,-0.3075913999625486,4.541116487998712,-152.72165046658662,-23.109005518751953,-13.414914406298774,0.0431,-0.9718,-0.2003,-0.1168,0
318031.0,154.865653,1.0,-4.46,-3.1,-6.44,4.0,-7.75,36.06,92.19,-79.62,12.19,-6.569227075132998,-0.3075913999625486,4.541116487998712,-152.72165046658662,-23.109005518751953,-13.414914406298774,0.0431,-0.9718,-0.2003,-0.1168,0
318066.0,154.888659,1.0,-3.84,-5.41,-6.82,7.38,-8.19,35.56,23.81,-22.12,5.06,-6.857273451590723,-2.187675193899618,3.5842727970248154,-151.48561418277666,-25.14795750167836,-11.178940913568928,0.0609,-0.9692,-0.2177,-0.0974,0
318066.0,154.888659,1.0,-3.84,-5.41,-6.82,7.38,-8.19,35.56,23.81,-22.12,5.06,-6.857273451590723,-2.187675193899618,3.5842727970248154,-151.48561418277666,-25.14795750167836,-11.178940913568928,0.0609,-0.9692,-0.2177,-0.0974,0
318101.0,154.939302,1.0,0.05,-1.32,-10.26,7.38,-8.19,35.56,-34.38,-12.5,1.31,-2.1660140334749225,0.28227136572478706,-0.3047893675124982,-151.9546930927713,-25.030563401978768,-10.8450849117299,0.0538,-0.9702,-0.2167,-0.0945,0
318101.0,154.939302,1.0,0.05,-1.32,-10.26,7.38,-8.19,35.56,-34.38,-12.5,1.31,-2.1660140334749225,0.28227136572478706,-0.3047893675124982,-151.9546930927713,-25.030563401978768,-10.8450849117299,0.0538,-0.9702,-0.2167,-0.0945,0
318136.0,154.948537,1.0,-0.51,-1.24,-10.22,8.88,-6.0,34.88,-5.0,-12.81,7.31,-2.5604298004888895,0.5515744423686519,-0.16260598383821723,-150.70506138327715,-26.65302123047702,-10.373238415502241,0.0508,-0.9675,-0.2305,-0.0904,0
318136.0,154.948537,1.0,-0.51,-1.24,-10.22,8.88,-6.0,34.88,-5.0,-12.81,7.31,-2.5604298004888895,0.5515744423686519,-0.16260598383821723,-150.70506138327715,-26.65302123047702,-10.373238415502241,0.0508,-0.9675,-0.2305,-0.0904,0
318171.0,155.01044,1.0,-2.78,-2.99,-8.34,10.38,-6.69,35.0,12.0,-4.75,4.38,-5.021087316668654,-0.0765801630958507,1.9959574803184417,-149.11579237958978,-28.446410631570995,-9.993587967554062,0.0552,-0.9639,-0.2457,-0.0871,0
318171.0,155.01044,1.0,-2.78,-2.99,-8.34,10.38,-6.69,35.0,12.0,-4.75,4.38,-5.021087316668654,-0.0765801630958507,1.9959574803184417,-149.11579237958978,-28.446410631570995,-9.993587967554062,0.0552,-0.9639,-0.2457,-0.0871,0
318205.0,155.018592,1.0,-1.42,-2.1,-9.76,9.25,-7.06,34.19,-10.81,9.63,1.69,-3.6538763972412673,0.36645952328754905,0.41522334099472147,-147.68484875398153,-29.879123753551497,-10.177646918437086,0.0554,-0.9605,-0.2578,-0.0887,0
318205.0,155.018592,1.0,-1.42,-2.1,-9.76,9.25,-7.06,34.19,-10.81,9.63,1.69,-3.6538763972412673,0.36645952328754905,0.41522334099472147,-147.68484875398153,-29.879123753551497,-10.177646918437086,0.0554,-0.9605,-0.2578,-0.0887,0
318240.0,155.039214,1.0,-1.23,-2.03,-9.65,9.25,-7.06,34.19,-4.31,-16.62,3.19,-3.437150376080169,0.2587015475325576,0.4859541675250352,-147.84997349806363,-29.78425385642316,-10.074110549810433,0.0527,-0.9609,-0.257,-0.0878,0
318240.0,155.039214,1.0,-1.23,-2.03,-9.65,9.25,-7.06,34.19,-4.31,-16.62,3.19,-3.437150376080169,0.2587015475325576,0.4859541675250352,-147.84997349806363,-29.78425385642316,-10.074110549810433,0.0527,-0.9609,-0.257,-0.0878,0
318277.0,155.091426,1.0,-2.12,-2.66,-8.87,9.25,-7.75,35.38,-2.44,-4.63,3.69,-4.339645075364149,0.0973710700826893,1.3565080192650818,-146.83107004149565,-31.066791752073968,-9.5450515760222,0.0527,-0.9584,-0.2678,-0.0832,0
318277.0,155.091426,1.0,-2.12,-2.66,-8.87,9.25,-7.75,35.38,-2.44,-4.63,3.69,-4.339645075364149,0.0973710700826893,1.3565080192650818,-146.83107004149565,-31.066791752073968,-9.5450515760222,0.0527,-0.9584,-0.2678,-0.0832,0
318312.0,155.115015,1.0,-2.72,-1.86,-8.7,10.0,-7.5,35.38,-12.81,3.25,2.5,-4.387052456188584,1.1303044131936923,1.6811233905940242,-145.53094905314887,-32.48460118565665,-9.464560757916416,0.0516,-0.9551,-0.2797,-0.0825,0
318312.0,155.115015,1.0,-2.72,-1.86,-8.7,10.0,-7.5,35.38,-12.81,3.25,2.5,-4.387052456188584,1.1303044131936923,1.6811233905940242,-145.53094905314887,-32.48460118565665,-9.464560757916416,0.0516,-0.9551,-0.2797,-0.0825,0
318345.0,155.158922,1.0,-0.57,-1.27,-10.55,10.0,-7.5,35.38,-15.13,8.63,-3.06,-2.603893331789426,0.7110212576266685,-0.48676965956239293,-145.53094905314887,-32.472665833224625,-9.832557602907888,0.0482,-0.9551,-0.2796,-0.0857,0
318345.0,155.158922,1.0,-0.57,-1.27,-10.55,10.0,-7.5,35.38,-15.13,8.63,-3.06,-2.603893331789426,0.7110212576266685,-0.48676965956239293,-145.53094905314887,-32.472665833224625,-9.832557602907888,0.0482,-0.9551,-0.2796,-0.0857,0
318382.0,155.246824,1.0,-2.17,-2.27,-8.87,9.69,-7.75,34.5,-9.0,1.19,-1.63,-4.244009701172748,0.5634998870683439,1.4275361128621977,-144.20208645663692,-33.87160232281778,-9.821056182581472,0.048,-0.9516,-0.2913,-0.0856,0
318382.0,155.246824,1.0,-2.17,-2.27,-8.87,9.69,-7.75,34.5,-9.0,1.19,-1.63,-4.244009701172748,0.5634998870683439,1.4275361128621977,-144.20208645663692,-33.87160232281778,-9.821056182581472,0.048,-0.9516,-0.2913,-0.0856,0
318418.0,155.318537,1.0,-1.92,-2.21,-9.14,9.69,-8.56,35.69,-15.81,8.75,-4.31,-4.117229742814049,0.5627945172266113,1.155535529813685,-142.88329260111252,-35.17957649356332,-10.22366575133618,0.0452,-0.948,-0.3022,-0.0891,0
318418.0,155.318537,1.0,-1.92,-2.21,-9.14,9.69,-8.56,35.69,-15.81,8.75,-4.31,-4.117229742814049,0.5627945172266113,1.155535529813685,-142.88329260111252,-35.17957649356332,-10.22366575133618,0.0452,-0.948,-0.3022,-0.0891,0
318451.0,155.433371,1.0,-1.65,-0.97,-9.76,9.69,-8.56,35.69,-22.25,12.06,-5.63,-3.379904883202013,1.4488445712521312,0.5655411710303735,-142.73954322436268,-35.23968756061282,-10.776022876638457,0.0405,-0.9476,-0.3027,-0.0939,0
318451.0,155.433371,1.0,-1.65,-0.97,-9.76,9.69,-8.56,35.69,-22.25,12.06,-5.63,-3.379904883202013,1.4488445712521312,0.5655411710303735,-142.73954322436268,-35.23968756061282,-10.776022876638457,0.0405,-0.9476,-0.3027,-0.0939,0
318486.0,155.500586,1.0,-0.81,-1.76,-10.15,10.0,-8.56,35.38,5.5,1.94,-1.69,-3.2320281684259746,0.48689510167486505,0.003939809523792803,-141.3650146581067,-36.637121227016124,-10.8450849117299,0.0426,-0.9437,-0.3143,-0.0945,0
318486.0,155.500586,1.0,-0.81,-1.76,-10.15,10.0,-8.56,35.38,5.5,1.94,-1.69,-3.2320281684259746,0.48689510167486505,0.003939809523792803,-141.3650146581067,-36.637121227016124,-10.8450849117299,0.0426,-0.9437,-0.3143,-0.0945,0
318521.0,155.504123,1.0,-2.1,-2.44,-8.79,9.69,-9.0,36.5,0.12,4.81,-2.31,-4.431063586279825,0.6217364449084916,1.584313392476714,-140.1367137765361,-37.90691698670959,-10.79904311756863,0.0445,-0.9401,-0.3248,-0.0941,0
318521.0,155.504123,1.0,-2.1,-2.44,-8.79,9.69,-9.0,36.5,0.12,4.81,-2.31,-4.431063586279825,0.6217364449084916,1.584313392476714,-140.1367137765361,-37.90691698670959,-10.79904311756863,0.0445,-0.9401,-0.3248,-0.0941,0
318558.0,155.550579,1.0,-1.92,-2.42,-9.16,8.5,-8.56,35.38,-14.63,9.25,-3.31,-4.41193659771878,0.6345312440118616,1.2287373425942132,-138.9763854221543,-38.97485427752673,-11.248026360967865,0.0422,-0.9366,-0.3336,-0.098,0
318558.0,155.550579,1.0,-1.92,-2.42,-9.16,8.5,-8.56,35.38,-14.63,9.25,-3.31,-4.41193659771878,0.6345312440118616,1.2287373425942132,-138.9763854221543,-38.97485427752673,-11.248026360967865,0.0422,-0.9366,-0.3336,-0.098,0
318590.0,155.623567,1.0,-1.11,-1.39,-9.91,8.5,-8.56,35.38,-6.13,10.56,-2.13,-3.3464705975184943,1.012633808451078,0.3648277548014569,-138.87838831455554,-38.98700999206525,-11.674144907935558,0.0394,-0.9363,-0.3337,-0.1017,0
318590.0,155.623567,1.0,-1.11,-1.39,-9.91,8.5,-8.56,35.38,-6.13,10.56,-2.13,-3.3464705975184943,1.012633808451078,0.3648277548014569,-138.87838831455554,-38.98700999206525,-11.674144907935558,0.0394,-0.9363,-0.3337,-0.1017,0
318627.0,155.643202,1.0,-1.32,-1.2,-9.57,9.25,-9.25,34.5,1.06,1.81,-0.94,-3.3375291098997817,1.2983878688194537,0.7544464902089114,-137.84664633213467,-40.02193352838936,-11.812380025110386,0.0396,-0.9331,-0.3422,-0.1029,0
318627.0,155.643202,1.0,-1.32,-1.2,-9.57,9.25,-9.25,34.5,1.06,1.81,-0.94,-3.3375291098997817,1.2983878688194537,0.7544464902089114,-137.84664633213467,-40.02193352838936,-11.812380025110386,0.0396,-0.9331,-0.3422,-0.1029,0
318662.0,155.876783,1.0,-1.56,-1.56,-9.34,7.38,-10.06,35.75,-5.75,9.69,-3.0,-3.72796526284191,1.204779952010894,1.0457379318260127,-137.02578084639396,-40.840097916410194,-12.008242691005819,0.0402,-0.9305,-0.3489,-0.1046,0
318662.0,155.876783,1.0,-1.56,-1.56,-9.34,7.38,-10.06,35.75,-5.75,9.69,-3.0,-3.72796526284191,1.204779952010894,1.0457379318260127,-137.02578084639396,-40.840097916410194,-12.008242691005819,0.0402,-0.9305,-0.3489,-0.1046,0
318697.0,155.890323,1.0,-1.36,-1.54,-9.62,7.38,-10.06,35.75,-3.94,10.81,-3.75,-3.2638902610198626,1.0276147790122463,0.5840349570756072,-137.59245851290373,-40.90124166576177,-9.717547848465047,0.0413,-0.9323,-0.3494,-0.0847,0
318697.0,155.890323,1.0,-1.36,-1.54,-9.62,7.38,-10.06,35.75,-3.94,10.81,-3.75,-3.2638902610198626,1.0276147790122463,0.5840349570756072,-137.59245851290373,-40.90124166576177,-9.717547848465047,0.0413,-0.9323,-0.3494,-0.0847,0
318732.0,155.893866,1.0,-1.13,-1.78,-9.69,8.88,-9.69,35.38,-1.81,11.13,-2.0,-2.916974576051019,0.6985890020412381,0.3544210179609504,-137.0570759218849,-41.844407080073346,-7.648935698119245,0.045,-0.9306,-0.3571,-0.0667,0
318732.0,155.893866,1.0,-1.13,-1.78,-9.69,8.88,-9.69,35.38,-1.81,11.13,-2.0,-2.916974576051019,0.6985890020412381,0.3544210179609504,-137.0570759218849,-41.844407080073346,-7.648935698119245,0.045,-0.9306,-0.3571,-0.0667,0
318769.0,155.943354,1.0,-1.17,-1.88,-9.44,8.88,-9.25,35.38,-5.44,4.75,-2.25,-2.6964797372078904,0.5852750337595694,0.511309760843341,-136.58990657854866,-42.59369907468167,-5.800810045139374,0.0473,-0.9291,-0.3632,-0.0506,0
318769.0,155.943354,1.0,-1.17,-1.88,-9.44,8.88,-9.25,35.38,-5.44,4.75,-2.25,-2.6964797372078904,0.5852750337595694,0.511309760843341,-136.58990657854866,-42.59369907468167,-5.800810045139374,0.0473,-0.9291,-0.3632,-0.0506,0
318801.0,155.962735,1.0,-1.26,-1.78,-9.44,8.88,-9.25,35.38,-6.44,8.0,-2.25,-1.930802946950053,0.47299984621528146,0.3241465791975937,-137.11973135242658,-42.43385492531204,-0.9167422509706517,0.0498,-0.9308,-0.3619,-0.008,0
318801.0,155.962735,1.0,-1.26,-1.78,-9.44,8.88,-9.25,35.38,-6.44,8.0,-2.25,-1.930802946950053,0.47299984621528146,0.3241465791975937,-137.11973135242658,-42.43385492531204,-0.9167422509706517,0.0498,-0.9308,-0.3619,-0.008,0
318836.0,155.967348,1.0,-1.19,-1.06,-9.8,7.0,-9.69,35.69,-10.81,11.06,-3.0,-1.0506298553234867,0.8441398605555103,-0.03018408434462927,-136.9320256088512,-42.65520072513622,1.2146932735575866,0.0487,-0.9302,-0.3637,0.0106,0
318836.0,155.967348,1.0,-1.19,-1.06,-9.8,7.0,-9.69,35.69,-10.81,11.06,-3.0,-1.0506298553234867,0.8441398605555103,-0.03018408434462927,-136.9320256088512,-42.65520072513622,1.2146932735575866,0.0487,-0.9302,-0.3637,0.0106,0
318871.0,155.970569,1.0,-1.18,-1.63,-9.48,7.38,-10.5,35.69,-4.38,11.75,-3.06,-1.4988214838788338,0.4028757917051097,0.2405157099159858,-137.3712305266047,-42.20039204818604,0.870904232640807,0.0488,-0.9316,-0.36,0.0076,0
318871.0,155.970569,1.0,-1.18,-1.63,-9.48,7.38,-10.5,35.69,-4.38,11.75,-3.06,-1.4988214838788338,0.4028757917051097,0.2405157099159858,-137.3712305266047,-42.20039204818604,0.870904232640807,0.0488,-0.9316,-0.36,0.0076,0
