TIME,ELAPSED_SECONDS,PSTATE,acc_x,acc_y,acc_z,mag_x,mag_y,mag_z,gyr_x,gyr_y,gyr_z,lin_x,lin_y,lin_z,eul_x,eul_y,eul_z,qua_w,qua_x,qua_y,qua_z,LABLE
549337.0,521.534956,1.0,4.1,8.92,0.29,3.25,-38.0,10.38,10.06,2.13,1.75,0.11975099477320517,-0.052194098756653595,-0.01391187167036989,-57.07058565644391,-61.781137212047426,-85.25045347848229,-0.2224,-0.4777,-0.5134,-0.6772,0
549337.0,521.534956,1.0,4.1,8.92,0.29,3.25,-38.0,10.38,10.06,2.13,1.75,0.11975099477320517,-0.052194098756653595,-0.01391187167036989,-57.07058565644391,-61.781137212047426,-85.25045347848229,-0.2224,-0.4777,-0.5134,-0.6772,0
549371.0,521.53813,1.0,4.15,8.92,0.05,3.25,-38.75,9.56,11.19,2.69,2.19,-0.07155545342421021,0.010173814581979634,-0.031346559797228224,-57.10972027162278,-62.03501902225592,-85.11036842223878,-0.2204,-0.478,-0.5153,-0.6763,0
549371.0,521.53813,1.0,4.15,8.92,0.05,3.25,-38.75,9.56,11.19,2.69,2.19,-0.07155545342421021,0.010173814581979634,-0.031346559797228224,-57.10972027162278,-62.03501902225592,-85.11036842223878,-0.2204,-0.478,-0.5153,-0.6763,0
549406.0,521.542871,1.0,3.99,9.09,0.29,3.69,-38.0,10.0,31.31,4.5,4.75,0.3651006168733961,0.04261167605797045,-0.11792484150440607,-57.33162075280612,-62.63767369990508,-84.62905076314031,-0.2155,-0.4797,-0.5198,-0.6732,0
549406.0,521.542871,1.0,3.99,9.09,0.29,3.69,-38.0,10.0,31.31,4.5,4.75,0.3651006168733961,0.04261167605797045,-0.11792484150440607,-57.33162075280612,-62.63767369990508,-84.62905076314031,-0.2155,-0.4797,-0.5198,-0.6732,0
549441.0,521.59092,1.0,4.11,8.59,-0.18,3.69,-38.0,10.0,14.81,6.81,4.56,-0.1194226015338149,-0.02294083376828837,0.28311011399180863,-57.42305980274797,-63.1077408741901,-84.35041927831398,-0.2112,-0.4804,-0.5233,-0.6714,0
549441.0,521.59092,1.0,4.11,8.59,-0.18,3.69,-38.0,10.0,14.81,6.81,4.56,-0.1194226015338149,-0.02294083376828837,0.28311011399180863,-57.42305980274797,-63.1077408741901,-84.35041927831398,-0.2112,-0.4804,-0.5233,-0.6714,0
549476.0,521.64618,1.0,4.33,8.89,-0.26,3.25,-38.75,10.75,6.56,5.88,2.88,-0.18375253141046866,-0.03723201561283318,-0.08341818905783249,-57.38386674901364,-63.33648650708331,-84.35041927831398,-0.2078,-0.4801,-0.525,-0.6714,0
549476.0,521.64618,1.0,4.33,8.89,-0.26,3.25,-38.75,10.75,6.56,5.88,2.88,-0.18375253141046866,-0.03723201561283318,-0.08341818905783249,-57.38386674901364,-63.33648650708331,-84.35041927831398,-0.2078,-0.4801,-0.525,-0.6714,0
549511.0,521.662334,1.0,4.16,8.75,-0.07,3.0,-38.38,11.19,8.31,2.19,2.19,0.05577825692609717,-0.05609262106190016,0.11816495826531792,-57.40999463594624,-63.49812368940196,-84.25767849428372,-0.2061,-0.4803,-0.5262,-0.6708,0
549511.0,521.662334,1.0,4.16,8.75,-0.07,3.0,-38.38,11.19,8.31,2.19,2.19,0.05577825692609717,-0.05609262106190016,0.11816495826531792,-57.40999463594624,-63.49812368940196,-84.25767849428372,-0.2061,-0.4803,-0.5262,-0.6708,0
549545.0,521.697504,1.0,4.06,8.88,-0.19,3.0,-38.38,11.19,9.75,5.56,4.19,0.07796018207477373,0.1312139895736717,0.041876316040344364,-57.4491925846356,-63.74084444335865,-84.16500554813028,-0.2029,-0.4806,-0.528,-0.6702,0
549545.0,521.697504,1.0,4.06,8.88,-0.19,3.0,-38.38,11.19,9.75,5.56,4.19,0.07796018207477373,0.1312139895736717,0.041876316040344364,-57.4491925846356,-63.74084444335865,-84.16500554813028,-0.2029,-0.4806,-0.528,-0.6702,0
549580.0,521.753304,1.0,4.27,8.92,-0.28,3.0,-38.38,12.0,9.63,7.0,4.81,-0.052649528232363796,0.03598044080605156,-0.08646040244959252,-57.42305980274797,-63.916341681484134,-84.14956663775601,-0.2001,-0.4804,-0.5293,-0.6701,0
549580.0,521.753304,1.0,4.27,8.92,-0.28,3.0,-38.38,12.0,9.63,7.0,4.81,-0.052649528232363796,0.03598044080605156,-0.08646040244959252,-57.42305980274797,-63.916341681484134,-84.14956663775601,-0.2001,-0.4804,-0.5293,-0.6701,0
549615.0,521.759528,1.0,4.27,8.7,-0.39,1.5,-38.38,11.56,12.31,5.94,4.81,-0.13614471440220577,0.01714825991550928,0.10839394265019031,-57.46226020036727,-64.22724850843996,-84.02612286771038,-0.1959,-0.4807,-0.5316,-0.6693,0
549615.0,521.759528,1.0,4.27,8.7,-0.39,1.5,-38.38,11.56,12.31,5.94,4.81,-0.13614471440220577,0.01714825991550928,0.10839394265019031,-57.46226020036727,-64.22724850843996,-84.02612286771038,-0.1959,-0.4807,-0.5316,-0.6693,0
549650.0,521.814747,1.0,4.4,8.82,-0.51,1.5,-38.38,11.56,6.38,4.19,3.56,-0.23724658511143404,0.030922790385575105,-0.06022680266090141,-57.488397883021776,-64.34905178938227,-83.99528064351468,-0.1937,-0.4809,-0.5325,-0.6691,0
549650.0,521.814747,1.0,4.4,8.82,-0.51,1.5,-38.38,11.56,6.38,4.19,3.56,-0.23724658511143404,0.030922790385575105,-0.06022680266090141,-57.488397883021776,-64.34905178938227,-83.99528064351468,-0.1937,-0.4809,-0.5325,-0.6691,0
549683.0,521.834205,1.0,4.24,8.71,-0.38,1.75,-38.0,11.19,4.5,0.75,1.75,-0.0501734068320866,0.04472066852974077,0.11224013188254212,-57.56683056380633,-64.44384400831176,-83.88739165034603,-0.1924,-0.4815,-0.5332,-0.6684,0
549683.0,521.834205,1.0,4.24,8.71,-0.38,1.75,-38.0,11.19,4.5,0.75,1.75,-0.0501734068320866,0.04472066852974077,0.11224013188254212,-57.56683056380633,-64.44384400831176,-83.88739165034603,-0.1924,-0.4815,-0.5332,-0.6684,0
549720.0,521.87673,1.0,4.38,8.89,-0.32,1.75,-38.0,12.38,-1.69,2.06,1.06,-0.016647428879365878,-0.02092354817311204,-0.10890268596983255,-57.55375640336801,-64.44384400831176,-83.94903131476774,-0.1918,-0.4814,-0.5332,-0.6688,0
549720.0,521.87673,1.0,4.38,8.89,-0.32,1.75,-38.0,12.38,-1.69,2.06,1.06,-0.016647428879365878,-0.02092354817311204,-0.10890268596983255,-57.55375640336801,-64.44384400831176,-83.94903131476774,-0.1918,-0.4814,-0.5332,-0.6688,0
549752.0,521.89338,1.0,4.25,8.66,-0.32,1.75,-38.0,12.38,-1.5,1.44,-0.12,-0.022917640347484225,0.0013983400829102877,0.15470859806401904,-57.51453883608689,-64.41675547774169,-83.99528064351468,-0.1918,-0.4811,-0.533,-0.6691,0
549752.0,521.89338,1.0,4.25,8.66,-0.32,1.75,-38.0,12.38,-1.5,1.44,-0.12,-0.022917640347484225,0.0013983400829102877,0.15470859806401904,-57.51453883608689,-64.41675547774169,-83.99528064351468,-0.1918,-0.4811,-0.533,-0.6691,0
549787.0,521.930035,1.0,4.33,8.66,-0.41,1.75,-38.38,13.19,-15.56,0.94,-2.31,-0.19114010316194951,0.013892829564730924,0.11769378943480113,-57.35774212215938,-64.15961512656168,-84.28858454106421,-0.1932,-0.4799,-0.5311,-0.671,0
549787.0,521.930035,1.0,4.33,8.66,-0.41,1.75,-38.38,13.19,-15.56,0.94,-2.31,-0.19114010316194951,0.013892829564730924,0.11769378943480113,-57.35774212215938,-64.15961512656168,-84.28858454106421,-0.1932,-0.4799,-0.5311,-0.671,0
549820.0,521.984608,1.0,4.32,9.1,-0.18,1.5,-38.38,12.0,-4.56,0.56,-0.37,0.07456986246412067,0.08057720889735798,-0.26771085560858054,-57.2793877763047,-63.92984840946278,-84.50513857353,-0.1947,-0.4793,-0.5294,-0.6724,0
549820.0,521.984608,1.0,4.32,9.1,-0.18,1.5,-38.38,12.0,-4.56,0.56,-0.37,0.07456986246412067,0.08057720889735798,-0.26771085560858054,-57.2793877763047,-63.92984840946278,-84.50513857353,-0.1947,-0.4793,-0.5294,-0.6724,0
549857.0,522.001129,1.0,4.17,8.72,-0.11,1.5,-38.0,12.0,-1.69,0.69,-0.25,0.10843842161881878,0.016466316062985875,0.14086653619572687,-57.266331564096724,-63.94335613096245,-84.48965811016971,-0.1949,-0.4792,-0.5295,-0.6723,0
549857.0,522.001129,1.0,4.17,8.72,-0.11,1.5,-38.0,12.0,-1.69,0.69,-0.25,0.10843842161881878,0.016466316062985875,0.14086653619572687,-57.266331564096724,-63.94335613096245,-84.48965811016971,-0.1949,-0.4792,-0.5295,-0.6723,0
549892.0,522.0464,1.0,4.39,8.75,-0.34,1.5,-38.0,12.0,-1.0,0.31,-1.63,-0.19134066454164322,-0.019725734446246257,0.013121542620949,-57.227167798936335,-63.92984840946278,-84.5361052012418,-0.1951,-0.4789,-0.5294,-0.6726,0
549892.0,522.0464,1.0,4.39,8.75,-0.34,1.5,-38.0,12.0,-1.0,0.31,-1.63,-0.19134066454164322,-0.019725734446246257,0.013121542620949,-57.227167798936335,-63.92984840946278,-84.5361052012418,-0.1951,-0.4789,-0.5294,-0.6726,0
549926.0,522.100356,1.0,4.35,8.79,-0.06,1.06,-38.38,11.19,-7.31,1.37,-4.19,0.0387349646568218,-0.1224286834894519,-0.00016960780211583426,-57.10972027162278,-63.83532215478705,-84.64454836195905,-0.1966,-0.478,-0.5287,-0.6733,0
549926.0,522.100356,1.0,4.35,8.79,-0.06,1.06,-38.38,11.19,-7.31,1.37,-4.19,0.0387349646568218,-0.1224286834894519,-0.00016960780211583426,-57.10972027162278,-63.83532215478705,-84.64454836195905,-0.1966,-0.478,-0.5287,-0.6733,0
549961.0,522.117061,1.0,4.3,8.8,-0.23,1.5,-38.75,12.38,-12.75,-1.12,-7.31,-0.13587237688323728,0.007901916998002356,0.010509114074158887,-56.94018936700063,-63.6868789211639,-84.81514815252169,-0.1989,-0.4767,-0.5276,-0.6744,0
549961.0,522.117061,1.0,4.3,8.8,-0.23,1.5,-38.75,12.38,-12.75,-1.12,-7.31,-0.13587237688323728,0.007901916998002356,0.010509114074158887,-56.94018936700063,-63.6868789211639,-84.81514815252169,-0.1989,-0.4767,-0.5276,-0.6744,0
549996.0,522.157184,1.0,4.19,9.2,0.09,1.5,-38.75,12.38,-19.75,-3.81,-11.25,0.15883134047644365,0.06455975011523929,-0.30150535317633853,-56.640582553149535,-63.33648650708331,-85.12592565946625,-0.2047,-0.4744,-0.525,-0.6764,0
549996.0,522.157184,1.0,4.19,9.2,0.09,1.5,-38.75,12.38,-19.75,-3.81,-11.25,0.15883134047644365,0.06455975011523929,-0.30150535317633853,-56.640582553149535,-63.33648650708331,-85.12592565946625,-0.2047,-0.4744,-0.525,-0.6764,0
550031.0,522.207653,1.0,4.44,9.13,-0.33,1.75,-38.38,12.0,-6.31,0.12,-8.94,-0.38860558199630035,0.03350999658957576,-0.34358461708003496,-56.43240927771726,-63.309560656687516,-85.17260901453768,-0.2075,-0.4728,-0.5248,-0.6767,0
550031.0,522.207653,1.0,4.44,9.13,-0.33,1.75,-38.38,12.0,-6.31,0.12,-8.94,-0.38860558199630035,0.03350999658957576,-0.34358461708003496,-56.43240927771726,-63.309560656687516,-85.17260901453768,-0.2075,-0.4728,-0.5248,-0.6767,0
550068.0,522.225471,1.0,4.6,9.26,-0.38,2.56,-38.38,10.38,-3.63,-10.0,-21.56,-0.581985402423748,-0.09347786774612388,-0.5231396822542944,-56.09455949870071,-63.296099194215,-85.15704595460248,-0.2138,-0.4702,-0.5247,-0.6766,0
550068.0,522.225471,1.0,4.6,9.26,-0.38,2.56,-38.38,10.38,-3.63,-10.0,-21.56,-0.581985402423748,-0.09347786774612388,-0.5231396822542944,-56.09455949870071,-63.296099194215,-85.15704595460248,-0.2138,-0.4702,-0.5247,-0.6766,0
550103.0,522.268029,1.0,4.04,8.97,-0.21,2.56,-38.38,10.38,-10.63,-14.75,-15.44,-0.27285005485702984,0.07433175341859144,-0.02933635816450675,-56.068593069762564,-63.376882602273,-84.86171562810704,-0.2192,-0.47,-0.5253,-0.6747,0
550103.0,522.268029,1.0,4.04,8.97,-0.21,2.56,-38.38,10.38,-10.63,-14.75,-15.44,-0.27285005485702984,0.07433175341859144,-0.02933635816450675,-56.068593069762564,-63.376882602273,-84.86171562810704,-0.2192,-0.47,-0.5253,-0.6747,0
550135.0,522.2886,1.0,3.77,9.5,0.33,3.25,-38.38,12.0,-12.81,-18.87,-10.56,0.3605674969612114,0.14990217401890416,-0.4119272208443743,-56.211447262477904,-63.09429398938783,-84.59806128816622,-0.2269,-0.4711,-0.5232,-0.673,0
550135.0,522.2886,1.0,3.77,9.5,0.33,3.25,-38.38,12.0,-12.81,-18.87,-10.56,0.3605674969612114,0.14990217401890416,-0.4119272208443743,-56.211447262477904,-63.09429398938783,-84.59806128816622,-0.2269,-0.4711,-0.5232,-0.673,0
550170.0,522.330504,1.0,4.35,11.61,-0.09,4.06,-38.75,10.75,-14.56,-9.44,-5.38,0.043374737412951614,0.6335685215451665,-2.575571511532633,-56.2374309655145,-62.704754110254996,-84.67554928720209,-0.2315,-0.4713,-0.5203,-0.6735,0
550170.0,522.330504,1.0,4.35,11.61,-0.09,4.06,-38.75,10.75,-14.56,-9.44,-5.38,0.043374737412951614,0.6335685215451665,-2.575571511532633,-56.2374309655145,-62.704754110254996,-84.67554928720209,-0.2315,-0.4713,-0.5203,-0.6735,0
550209.0,522.397419,1.0,3.69,13.27,-0.4,4.06,-39.19,10.0,6.81,-21.44,2.69,0.4252714250951244,1.806266217208357,-3.8471240777987603,-56.614549763799054,-62.86584483464826,-84.07240023072654,-0.2341,-0.4742,-0.5215,-0.6696,0
550209.0,522.397419,1.0,3.69,13.27,-0.4,4.06,-39.19,10.0,6.81,-21.44,2.69,0.4252714250951244,1.806266217208357,-3.8471240777987603,-56.614549763799054,-62.86584483464826,-84.07240023072654,-0.2341,-0.4742,-0.5215,-0.6696,0
550242.0,522.410822,1.0,5.17,11.18,-2.45,4.06,-39.19,10.0,84.37,-12.19,-7.69,-2.089894453327909,0.6799327787742557,-2.558374568932228,-57.253276164013286,-64.18666547503379,-82.61499961080214,-0.2291,-0.4791,-0.5313,-0.6601,0
550242.0,522.410822,1.0,5.17,11.18,-2.45,4.06,-39.19,10.0,84.37,-12.19,-7.69,-2.089894453327909,0.6799327787742557,-2.558374568932228,-57.253276164013286,-64.18666547503379,-82.61499961080214,-0.2291,-0.4791,-0.5313,-0.6601,0
550279.0,522.418248,1.0,5.19,11.67,-2.24,4.06,-39.5,10.38,65.31,-41.25,-19.69,-1.3027868580277764,0.2607978494023673,-3.0920836930528655,-58.48407704844998,-66.32288574654007,-79.6731491009361,-0.2277,-0.4885,-0.547,-0.6406,0
550279.0,522.418248,1.0,5.19,11.67,-2.24,4.06,-39.5,10.38,65.31,-41.25,-19.69,-1.3027868580277764,0.2607978494023673,-3.0920836930528655,-58.48407704844998,-66.32288574654007,-79.6731491009361,-0.2277,-0.4885,-0.547,-0.6406,0
550313.0,522.457642,1.0,5.09,12.02,-2.64,3.69,-39.88,12.0,78.19,-50.31,-25.5,-1.0942590245207602,0.21302513436281423,-3.464194640767394,-59.61664459342118,-67.97333851203919,-77.07108573183802,-0.2285,-0.4971,-0.559,-0.623,0
550313.0,522.457642,1.0,5.09,12.02,-2.64,3.69,-39.88,12.0,78.19,-50.31,-25.5,-1.0942590245207602,0.21302513436281423,-3.464194640767394,-59.61664459342118,-67.97333851203919,-77.07108573183802,-0.2285,-0.4971,-0.559,-0.623,0
550348.0,522.511196,1.0,4.78,12.02,-3.38,3.69,-39.88,12.0,91.37,-76.87,-38.0,-0.948757800328879,0.06895876982769789,-3.5293277790898774,-61.46092444240136,-70.53575900749587,-72.69768682108878,-0.233,-0.511,-0.5774,-0.5927,0
550348.0,522.511196,1.0,4.78,12.02,-3.38,3.69,-39.88,12.0,91.37,-76.87,-38.0,-0.948757800328879,0.06895876982769789,-3.5293277790898774,-61.46092444240136,-70.53575900749587,-72.69768682108878,-0.233,-0.511,-0.5774,-0.5927,0
550383.0,522.581509,1.0,3.29,11.92,-2.63,4.75,-39.38,14.0,84.62,-88.0,-55.75,0.830308916096097,0.12064575745736761,-2.8077636488803517,-63.296099194215,-73.2392754532824,-67.53166897221763,-0.2449,-0.5247,-0.5965,-0.5558,0
550383.0,522.581509,1.0,3.29,11.92,-2.63,4.75,-39.38,14.0,84.62,-88.0,-55.75,0.830308916096097,0.12064575745736761,-2.8077636488803517,-63.296099194215,-73.2392754532824,-67.53166897221763,-0.2449,-0.5247,-0.5965,-0.5558,0
550420.0,522.619625,1.0,2.64,10.97,-2.23,6.25,-39.75,17.5,124.81,-84.87,-55.56,1.6208202777549219,-0.2671051662312234,-1.576890594094225,-64.76922217655454,-75.77310751763166,-63.05395914548726,-0.2499,-0.5356,-0.6141,-0.5229,0
550420.0,522.619625,1.0,2.64,10.97,-2.23,6.25,-39.75,17.5,124.81,-84.87,-55.56,1.6208202777549219,-0.2671051662312234,-1.576890594094225,-64.76922217655454,-75.77310751763166,-63.05395914548726,-0.2499,-0.5356,-0.6141,-0.5229,0
550455.0,522.62636,1.0,1.84,9.47,-3.09,6.25,-39.75,17.5,125.5,-103.81,-64.37,1.2295725721468065,-0.25804162514772333,-0.24502477635022935,-66.67915125155818,-79.36011799864445,-56.47142628686849,-0.2577,-0.5496,-0.6385,-0.4731,0
550455.0,522.62636,1.0,1.84,9.47,-3.09,6.25,-39.75,17.5,125.5,-103.81,-64.37,1.2295725721468065,-0.25804162514772333,-0.24502477635022935,-66.67915125155818,-79.36011799864445,-56.47142628686849,-0.2577,-0.5496,-0.6385,-0.4731,0
550490.0,522.642056,1.0,1.46,9.83,-2.83,10.69,-38.25,20.06,103.25,-86.56,-55.38,2.1527497230501202,-0.543578156447114,-0.28491040549434565,-67.84900332343393,-81.41535708644899,-52.054682916137764,-0.2657,-0.5581,-0.6522,-0.4388,0
550490.0,522.642056,1.0,1.46,9.83,-2.83,10.69,-38.25,20.06,103.25,-86.56,-55.38,2.1527497230501202,-0.543578156447114,-0.28491040549434565,-67.84900332343393,-81.41535708644899,-52.054682916137764,-0.2657,-0.5581,-0.6522,-0.4388,0
550526.0,522.695554,1.0,1.5,8.21,-4.29,14.75,-36.75,22.25,138.5,-68.0,-42.69,0.8511101298322177,-0.8402026245247018,0.4992405270779674,-69.4865054886989,-84.55159136755906,-46.13309422581874,-0.263,-0.5699,-0.6727,-0.3918,0
550526.0,522.695554,1.0,1.5,8.21,-4.29,14.75,-36.75,22.25,138.5,-68.0,-42.69,0.8511101298322177,-0.8402026245247018,0.4992405270779674,-69.4865054886989,-84.55159136755906,-46.13309422581874,-0.263,-0.5699,-0.6727,-0.3918,0
550561.0,522.699076,1.0,0.94,7.54,-4.83,18.0,-34.19,25.69,128.5,-73.62,-29.56,0.7030269669528142,-0.5647818176651214,0.8483647521318591,-70.94329161439869,-86.4397606253599,-41.7585431287547,-0.2595,-0.5803,-0.6848,-0.3564,0
550561.0,522.699076,1.0,0.94,7.54,-4.83,18.0,-34.19,25.69,128.5,-73.62,-29.56,0.7030269669528142,-0.5647818176651214,0.8483647521318591,-70.94329161439869,-86.4397606253599,-41.7585431287547,-0.2595,-0.5803,-0.6848,-0.3564,0
550596.0,522.737874,1.0,1.04,7.04,-5.12,18.0,-34.19,25.69,127.06,-65.62,-22.69,0.8413385732856971,-1.0552573459039465,1.1443072834470822,-72.75460720541858,-88.51752516910072,-36.31136080393029,-0.2531,-0.5931,-0.6979,-0.3116,0
550596.0,522.737874,1.0,1.04,7.04,-5.12,18.0,-34.19,25.69,127.06,-65.62,-22.69,0.8413385732856971,-1.0552573459039465,1.1443072834470822,-72.75460720541858,-88.51752516910072,-36.31136080393029,-0.2531,-0.5931,-0.6979,-0.3116,0
550631.0,522.795524,1.0,0.74,6.74,-6.02,20.37,-31.56,27.87,116.87,-39.69,-19.37,0.5154206760983988,-0.8969100409452904,0.7985706317272161,-73.84009584056888,-89.7884222482225,-32.926465204924455,-0.2463,-0.6007,-0.7058,-0.2834,0
550631.0,522.795524,1.0,0.74,6.74,-6.02,20.37,-31.56,27.87,116.87,-39.69,-19.37,0.5154206760983988,-0.8969100409452904,0.7985706317272161,-73.84009584056888,-89.7884222482225,-32.926465204924455,-0.2463,-0.6007,-0.7058,-0.2834,0
550668.0,522.812887,1.0,-0.67,4.25,-7.29,22.19,-29.06,29.56,143.13,-10.38,-12.44,-1.1386273841477852,0.6435793414104358,1.4433472246977388,-75.23686238255408,-92.0759410724168,-28.162782491534042,-0.2238,-0.6104,-0.7198,-0.2433,0
550668.0,522.812887,1.0,-0.67,4.25,-7.29,22.19,-29.06,29.56,143.13,-10.38,-12.44,-1.1386273841477852,0.6435793414104358,1.4433472246977388,-75.23686238255408,-92.0759410724168,-28.162782491534042,-0.2238,-0.6104,-0.7198,-0.2433,0
550705.0,522.848931,1.0,-0.76,4.24,-8.78,22.19,-29.06,29.56,90.5,-51.81,0.44,-1.576699883488855,0.6187987258189223,0.17468729168706254,-76.2239014164758,-92.93769566525509,-25.2653784326321,-0.2134,-0.6172,-0.725,-0.2187,0
550705.0,522.848931,1.0,-0.76,4.24,-8.78,22.19,-29.06,29.56,90.5,-51.81,0.44,-1.576699883488855,0.6187987258189223,0.17468729168706254,-76.2239014164758,-92.93769566525509,-25.2653784326321,-0.2134,-0.6172,-0.725,-0.2187,0
550737.0,522.90124,1.0,0.41,4.31,-8.01,23.56,-23.5,32.06,81.62,-93.06,13.81,-0.7673380151748668,-1.099677112240142,0.8007517872017527,-78.35131422864524,-92.5059720581388,-20.73951961095484,-0.216,-0.6317,-0.7224,-0.18,0
550737.0,522.90124,1.0,0.41,4.31,-8.01,23.56,-23.5,32.06,81.62,-93.06,13.81,-0.7673380151748668,-1.099677112240142,0.8007517872017527,-78.35131422864524,-92.5059720581388,-20.73951961095484,-0.216,-0.6317,-0.7224,-0.18,0
550772.0,522.907184,1.0,-0.89,4.65,-5.87,25.25,-22.56,33.56,70.19,-100.5,7.13,1.1055843624135369,-0.22006430223575713,2.3500586258888934,-80.28637245269121,-91.61469420099051,-16.30403579859025,-0.224,-0.6447,-0.717,-0.1418,0
550772.0,522.907184,1.0,-0.89,4.65,-5.87,25.25,-22.56,33.56,70.19,-100.5,7.13,1.1055843624135369,-0.22006430223575713,2.3500586258888934,-80.28637245269121,-91.61469420099051,-16.30403579859025,-0.224,-0.6447,-0.717,-0.1418,0
550809.0,522.962058,1.0,-0.74,2.92,-8.45,28.56,-20.06,32.69,78.87,-55.13,7.06,-1.3739733330271826,-0.6416341192779973,0.9648739941791948,-81.30958228614423,-91.41760096012828,-13.576461659580188,-0.2217,-0.6515,-0.7158,-0.1182,0
550809.0,522.962058,1.0,-0.74,2.92,-8.45,28.56,-20.06,32.69,78.87,-55.13,7.06,-1.3739733330271826,-0.6416341192779973,0.9648739941791948,-81.30958228614423,-91.41760096012828,-13.576461659580188,-0.2217,-0.6515,-0.7158,-0.1182,0
550844.0,523.016522,1.0,-1.58,4.17,-6.46,28.56,-20.06,32.69,46.56,-89.0,22.37,0.9244902930594532,-0.03435685880655548,2.011713354696729,-83.073454311338,-90.03131672872559,-10.177646918437086,-0.2281,-0.6631,-0.7073,-0.0887,0
550844.0,523.016522,1.0,-1.58,4.17,-6.46,28.56,-20.06,32.69,46.56,-89.0,22.37,0.9244902930594532,-0.03435685880655548,2.011713354696729,-83.073454311338,-90.03131672872559,-10.177646918437086,-0.2281,-0.6631,-0.7073,-0.0887,0
550881.0,523.032769,1.0,-1.23,4.43,-7.78,30.37,-18.69,31.5,70.75,-73.56,42.63,0.8143539185457103,-0.8424691345012534,0.8459986033234177,-84.73757407583452,-88.69365764034536,-7.740816022621953,-0.2296,-0.6739,-0.699,-0.0675,0
550881.0,523.032769,1.0,-1.23,4.43,-7.78,30.37,-18.69,31.5,70.75,-73.56,42.63,0.8143539185457103,-0.8424691345012534,0.8459986033234177,-84.73757407583452,-88.69365764034536,-7.740816022621953,-0.2296,-0.6739,-0.699,-0.0675,0
550918.0,523.073249,1.0,-2.09,4.55,-6.62,32.56,-17.19,31.06,93.19,-42.63,39.88,1.7387252145677268,0.1400790670207157,1.6917123857475627,-87.95884845875601,-86.12566858375125,-4.2293886949276756,-0.2241,-0.6944,-0.6828,-0.0369,0
550918.0,523.073249,1.0,-2.09,4.55,-6.62,32.56,-17.19,31.06,93.19,-42.63,39.88,1.7387252145677268,0.1400790670207157,1.6917123857475627,-87.95884845875601,-86.12566858375125,-4.2293886949276756,-0.2241,-0.6944,-0.6828,-0.0369,0
550950.0,523.130433,1.0,-1.34,1.03,-10.73,32.56,-17.19,31.06,76.19,-53.31,25.75,-2.514518280515681,-1.719586224113262,-0.619740604365079,-89.44922896161478,-85.21930985598627,-1.94815034703792,-0.2148,-0.7037,-0.677,-0.017,0
550950.0,523.130433,1.0,-1.34,1.03,-10.73,32.56,-17.19,31.06,76.19,-53.31,25.75,-2.514518280515681,-1.719586224113262,-0.619740604365079,-89.44922896161478,-85.21930985598627,-1.94815034703792,-0.2148,-0.7037,-0.677,-0.017,0
550985.0,523.137176,1.0,-2.2,2.4,-8.75,33.56,-16.87,30.37,34.25,-98.62,47.5,-0.44758383466776674,-0.8238706697104867,0.5177638541515712,-91.94396037414167,-82.2189722744127,1.4209717482803246,-0.225,-0.719,-0.6575,0.0124,0
550985.0,523.137176,1.0,-2.2,2.4,-8.75,33.56,-16.87,30.37,34.25,-98.62,47.5,-0.44758383466776674,-0.8238706697104867,0.5177638541515712,-91.94396037414167,-82.2189722744127,1.4209717482803246,-0.225,-0.719,-0.6575,0.0124,0
551022.0,523.166943,1.0,-2.93,3.3,-7.15,34.69,-15.88,30.37,43.25,-75.75,21.5,0.8632902223623409,0.17828474296091512,1.450793099454076,-93.37113824061916,-80.27138293274172,3.8280700368682603,-0.2324,-0.7276,-0.6446,0.0334,0
551022.0,523.166943,1.0,-2.93,3.3,-7.15,34.69,-15.88,30.37,43.25,-75.75,21.5,0.8632902223623409,0.17828474296091512,1.450793099454076,-93.37113824061916,-80.27138293274172,3.8280700368682603,-0.2324,-0.7276,-0.6446,0.0334,0
551059.0,523.193534,1.0,-4.22,2.41,-6.49,35.69,-16.56,27.69,57.5,-40.31,20.31,0.1537379252161677,1.4071769038168063,1.8233663515433847,-95.10566742161478,-78.45482596144389,6.443440527613203,-0.2288,-0.7379,-0.6324,0.0562,0
551059.0,523.193534,1.0,-4.22,2.41,-6.49,35.69,-16.56,27.69,57.5,-40.31,20.31,0.1537379252161677,1.4071769038168063,1.8233663515433847,-95.10566742161478,-78.45482596144389,6.443440527613203,-0.2288,-0.7379,-0.6324,0.0562,0
551092.0,523.245009,1.0,-4.14,1.82,-7.83,35.69,-16.56,27.69,32.63,-43.38,21.5,-0.5376225594169143,0.6213833789244181,0.8018876666564658,-95.92384977618164,-77.55533546921926,7.8097295337257515,-0.2269,-0.7427,-0.6263,0.0681,0
551092.0,523.245009,1.0,-4.14,1.82,-7.83,35.69,-16.56,27.69,32.63,-43.38,21.5,-0.5376225594169143,0.6213833789244181,0.8018876666564658,-95.92384977618164,-77.55533546921926,7.8097295337257515,-0.2269,-0.7427,-0.6263,0.0681,0
551129.0,523.329654,1.0,-4.68,2.92,-5.72,36.88,-15.88,27.69,40.38,-50.94,39.19,0.8095651032559152,1.9318140551352732,2.14114944230828,-97.66701631024891,-75.15008613528077,10.062607019364435,-0.2319,-0.7528,-0.6098,0.0877,0
551129.0,523.329654,1.0,-4.68,2.92,-5.72,36.88,-15.88,27.69,40.38,-50.94,39.19,0.8095651032559152,1.9318140551352732,2.14114944230828,-97.66701631024891,-75.15008613528077,10.062607019364435,-0.2319,-0.7528,-0.6098,0.0877,0
551165.0,523.340361,1.0,-4.68,2.02,-6.09,38.0,-15.5,25.25,61.94,-9.44,36.81,-0.0311597170821869,1.6123698032523726,2.0303917294953946,-99.44105363347383,-73.41069853307816,11.38620958683243,-0.2255,-0.7629,-0.5977,0.0992,0
551165.0,523.340361,1.0,-4.68,2.02,-6.09,38.0,-15.5,25.25,61.94,-9.44,36.81,-0.0311597170821869,1.6123698032523726,2.0303917294953946,-99.44105363347383,-73.41069853307816,11.38620958683243,-0.2255,-0.7629,-0.5977,0.0992,0
551198.0,523.34301,1.0,-4.06,2.45,-7.55,38.0,-15.5,25.25,35.25,14.38,17.31,0.49897701711321296,0.6387782888299676,0.9279347644429858,-101.12175699059142,-72.22888386833002,11.881504040605066,-0.2129,-0.7723,-0.5894,0.1035,0
551198.0,523.34301,1.0,-4.06,2.45,-7.55,38.0,-15.5,25.25,35.25,14.38,17.31,0.49897701711321296,0.6387782888299676,0.9279347644429858,-101.12175699059142,-72.22888386833002,11.881504040605066,-0.2129,-0.7723,-0.5894,0.1035,0
551233.0,523.382664,1.0,-3.64,1.65,-8.49,37.56,-16.25,24.5,31.12,1.69,-3.69,-0.04866193365799942,-0.22804238055944037,0.4259342123385128,-101.95522422355891,-71.7473337646403,12.572987144073345,-0.2026,-0.7769,-0.586,0.1095,0
551233.0,523.382664,1.0,-3.64,1.65,-8.49,37.56,-16.25,24.5,31.12,1.69,-3.69,-0.04866193365799942,-0.22804238055944037,0.4259342123385128,-101.95522422355891,-71.7473337646403,12.572987144073345,-0.2026,-0.7769,-0.586,0.1095,0
551270.0,523.432211,1.0,-3.9,-0.15,-8.31,38.0,-15.06,26.87,25.69,3.81,-11.5,-1.7014942733757876,-0.3024421132351294,0.7898852805559304,-101.93702600813636,-71.93128239622219,13.080365619179068,-0.1967,-0.7768,-0.5873,0.1139,0
551270.0,523.432211,1.0,-3.9,-0.15,-8.31,38.0,-15.06,26.87,25.69,3.81,-11.5,-1.7014942733757876,-0.3024421132351294,0.7898852805559304,-101.93702600813636,-71.93128239622219,13.080365619179068,-0.1967,-0.7768,-0.5873,0.1139,0
551305.0,523.441927,1.0,-3.49,-0.03,-8.9,38.0,-15.06,26.87,3.56,1.88,6.69,-1.4496722801166837,-0.8574943575043558,0.3963283419954493,-102.08271174423223,-71.88881371666841,13.2187858542384,-0.1935,-0.7776,-0.587,0.1151,0
551305.0,523.441927,1.0,-3.49,-0.03,-8.9,38.0,-15.06,26.87,3.56,1.88,6.69,-1.4496722801166837,-0.8574943575043558,0.3963283419954493,-102.08271174423223,-71.88881371666841,13.2187858542384,-0.1935,-0.7776,-0.587,0.1151,0
551340.0,523.493985,1.0,-3.38,0.83,-9.1,36.88,-15.19,26.56,-12.88,-14.06,4.81,-0.6664054694094094,-0.9099106579245058,0.1292915616173147,-102.5211508042887,-71.25314422862833,13.230321745568984,-0.1978,-0.78,-0.5825,0.1152,0
551340.0,523.493985,1.0,-3.38,0.83,-9.1,36.88,-15.19,26.56,-12.88,-14.06,4.81,-0.6664054694094094,-0.9099106579245058,0.1292915616173147,-102.5211508042887,-71.25314422862833,13.230321745568984,-0.1978,-0.78,-0.5825,0.1152,0
551374.0,523.551907,1.0,-3.9,0.89,-8.3,37.56,-13.56,26.87,-19.25,-12.63,7.25,-0.7842212333446938,-0.17349228206131717,0.6280336835154454,-102.48453447446366,-71.01366013662431,13.230321745568984,-0.2031,-0.7798,-0.5808,0.1152,0
551374.0,523.551907,1.0,-3.9,0.89,-8.3,37.56,-13.56,26.87,-19.25,-12.63,7.25,-0.7842212333446938,-0.17349228206131717,0.6280336835154454,-102.48453447446366,-71.01366013662431,13.230321745568984,-0.2031,-0.7798,-0.5808,0.1152,0
551411.0,523.555651,1.0,-4.35,1.53,-7.56,38.0,-15.38,27.75,-21.5,-11.75,21.06,-0.4024865188049177,0.5922773355583081,0.9803137181691142,-102.9800928228657,-70.12924881260771,13.10343432167045,-0.2114,-0.7825,-0.5745,0.1141,0
551411.0,523.555651,1.0,-4.35,1.53,-7.56,38.0,-15.38,27.75,-21.5,-11.75,21.06,-0.4024865188049177,0.5922773355583081,0.9803137181691142,-102.9800928228657,-70.12924881260771,13.10343432167045,-0.2114,-0.7825,-0.5745,0.1141,0
551444.0,523.62045,1.0,-4.27,1.73,-8.07,38.0,-15.38,27.75,-18.5,-2.63,20.87,-0.38384512736050846,0.27953297123264165,0.5262823221439419,-103.44135652414452,-69.38891628677108,12.619102083523115,-0.2183,-0.785,-0.5692,0.1099,0
551444.0,523.62045,1.0,-4.27,1.73,-8.07,38.0,-15.38,27.75,-18.5,-2.63,20.87,-0.38384512736050846,0.27953297123264165,0.5262823221439419,-103.44135652414452,-69.38891628677108,12.619102083523115,-0.2183,-0.785,-0.5692,0.1099,0
551481.0,523.666783,1.0,-4.26,1.98,-8.25,37.19,-16.25,26.06,-12.81,-1.37,19.81,-0.2713843046865482,0.22320587023573524,0.31944652907864857,-104.12837981117883,-68.55477847008557,12.330917071488782,-0.222,-0.7887,-0.5632,0.1074,0
551481.0,523.666783,1.0,-4.26,1.98,-8.25,37.19,-16.25,26.06,-12.81,-1.37,19.81,-0.2713843046865482,0.22320587023573524,0.31944652907864857,-104.12837981117883,-68.55477847008557,12.330917071488782,-0.222,-0.7887,-0.5632,0.1074,0
551518.0,523.682165,1.0,-4.44,1.85,-7.68,38.0,-17.37,25.69,-13.38,2.94,17.69,-0.5227212116976879,0.5880768281673442,0.7789466276569588,-104.78316565832017,-67.75236088092288,11.985198208002227,-0.2254,-0.7922,-0.5574,0.1044,0
551518.0,523.682165,1.0,-4.44,1.85,-7.68,38.0,-17.37,25.69,-13.38,2.94,17.69,-0.5227212116976879,0.5880768281673442,0.7789466276569588,-104.78316565832017,-67.75236088092288,11.985198208002227,-0.2254,-0.7922,-0.5574,0.1044,0
551553.0,523.6848,1.0,-4.07,2.91,-8.01,38.0,-17.37,25.69,-24.5,19.69,13.25,0.4230805107292599,0.45720985826154026,0.38300622346910274,-105.04644280430534,-67.51788517086388,11.15591333813419,-0.2279,-0.7936,-0.5557,0.0972,0
551553.0,523.6848,1.0,-4.07,2.91,-8.01,38.0,-17.37,25.69,-24.5,19.69,13.25,0.4230805107292599,0.45720985826154026,0.38300622346910274,-105.04644280430534,-67.51788517086388,11.15591333813419,-0.2279,-0.7936,-0.5557,0.0972,0
551585.0,523.718814,1.0,-4.15,3.27,-8.36,36.88,-18.06,26.06,-7.31,27.44,1.5,0.568715606253354,0.5950968063978843,-0.04867456848677065,-105.38610597876016,-67.47654041370244,10.120125690641803,-0.226,-0.7954,-0.5554,0.0882,0
551585.0,523.718814,1.0,-4.15,3.27,-8.36,36.88,-18.06,26.06,-7.31,27.44,1.5,0.568715606253354,0.5950968063978843,-0.04867456848677065,-105.38610597876016,-67.47654041370244,10.120125690641803,-0.226,-0.7954,-0.5554,0.0882,0
551622.0,523.773615,1.0,-4.08,1.81,-8.61,37.56,-18.87,25.69,23.56,32.31,-0.44,-0.7375638049559203,0.185521925969392,0.13834191385568317,-105.78405748823397,-67.60060461724801,9.76355056625781,-0.2175,-0.7975,-0.5563,0.0851,0
551622.0,523.773615,1.0,-4.08,1.81,-8.61,37.56,-18.87,25.69,23.56,32.31,-0.44,-0.7375638049559203,0.185521925969392,0.13834191385568317,-105.78405748823397,-67.60060461724801,9.76355056625781,-0.2175,-0.7975,-0.5563,0.0851,0
551659.0,523.790045,1.0,-3.38,2.01,-8.92,35.25,-19.25,26.06,6.81,44.69,0.12,-0.3522447495856703,-0.20680811716274294,0.06683203254984349,-106.47054675108937,-67.64197933171232,8.740349140335569,-0.2065,-0.8011,-0.5566,0.0762,0
551659.0,523.790045,1.0,-3.38,2.01,-8.92,35.25,-19.25,26.06,6.81,44.69,0.12,-0.3522447495856703,-0.20680811716274294,0.06683203254984349,-106.47054675108937,-67.64197933171232,8.740349140335569,-0.2065,-0.8011,-0.5566,0.0762,0
551692.0,523.829843,1.0,-2.05,2.36,-10.46,35.25,-19.25,26.06,4.44,43.75,-2.25,0.22662201800657145,-1.6420722711114784,-0.98389869399149,-106.60467021911299,-68.0286277906356,7.68339023950128,-0.199,-0.8018,-0.5594,0.067,0
551692.0,523.829843,1.0,-2.05,2.36,-10.46,35.25,-19.25,26.06,4.44,43.75,-2.25,0.22662201800657145,-1.6420722711114784,-0.98389869399149,-106.60467021911299,-68.0286277906356,7.68339023950128,-0.199,-0.8018,-0.5594,0.067,0
551729.0,523.905435,1.0,-2.07,2.44,-9.5,34.56,-18.06,27.37,15.44,25.0,2.13,0.41929708257943565,-0.9976642137857977,-0.15915935363864442,-107.02758003485111,-68.15309455975414,7.028869316139516,-0.1895,-0.804,-0.5603,0.0613,0
551729.0,523.905435,1.0,-2.07,2.44,-9.5,34.56,-18.06,27.37,15.44,25.0,2.13,0.41929708257943565,-0.9976642137857977,-0.15915935363864442,-107.02758003485111,-68.15309455975414,7.028869316139516,-0.1895,-0.804,-0.5603,0.0613,0
551763.0,523.942373,1.0,-2.09,2.76,-9.1,33.0,-18.37,29.75,9.25,12.81,-2.88,0.781602444654937,-0.6349195123783338,0.12255609136246193,-107.37517302657601,-68.0286277906356,6.868145731332586,-0.1846,-0.8058,-0.5594,0.0599,0
551763.0,523.942373,1.0,-2.09,2.76,-9.1,33.0,-18.37,29.75,9.25,12.81,-2.88,0.781602444654937,-0.6349195123783338,0.12255609136246193,-107.37517302657601,-68.0286277906356,6.868145731332586,-0.1846,-0.8058,-0.5594,0.0599,0
551798.0,523.949147,1.0,-2.8,2.27,-8.6,33.0,-18.37,29.75,13.19,11.31,-15.69,0.20127576870382563,0.10646756042877792,0.48457658667027026,-107.104699496576,-68.5825161330216,6.879625535030392,-0.1788,-0.8044,-0.5634,0.06,0
551798.0,523.949147,1.0,-2.8,2.27,-8.6,33.0,-18.37,29.75,13.19,11.31,-15.69,0.20127576870382563,0.10646756042877792,0.48457658667027026,-107.104699496576,-68.5825161330216,6.879625535030392,-0.1788,-0.8044,-0.5634,0.06,0
551833.0,524.008837,1.0,-2.94,1.17,-9.0,32.75,-17.37,29.75,14.5,16.56,-6.63,-0.8353322718231626,-0.14350737672169123,0.3043278823028128,-107.06613098760812,-68.8879335180276,6.89110540785609,-0.1725,-0.8042,-0.5656,0.0601,0
551833.0,524.008837,1.0,-2.94,1.17,-9.0,32.75,-17.37,29.75,14.5,16.56,-6.63,-0.8353322718231626,-0.14350737672169123,0.3043278823028128,-107.06613098760812,-68.8879335180276,6.89110540785609,-0.1725,-0.8042,-0.5656,0.0601,0
551870.0,524.025886,1.0,-3.13,1.87,-8.68,33.5,-16.56,30.87,-6.63,9.25,-0.5,-0.24138274183121744,0.4181566138876597,0.4043588208135116,-107.0854130457935,-69.01303790274106,6.512305468988995,-0.1702,-0.8043,-0.5665,0.0568,0
551870.0,524.025886,1.0,-3.13,1.87,-8.68,33.5,-16.56,30.87,-6.63,9.25,-0.5,-0.24138274183121744,0.4181566138876597,0.4043588208135116,-107.0854130457935,-69.01303790274106,6.512305468988995,-0.1702,-0.8043,-0.5665,0.0568,0
551905.0,524.06199,1.0,-2.95,1.84,-8.7,33.5,-16.56,30.87,-3.38,20.75,-5.81,-0.24658213838124793,0.3019321938686572,0.4457668045244265,-106.95053068480225,-69.24960284688514,6.064724315991071,-0.169,-0.8036,-0.5682,0.0529,0
551905.0,524.06199,1.0,-2.95,1.84,-8.7,33.5,-16.56,30.87,-3.38,20.75,-5.81,-0.24658213838124793,0.3019321938686572,0.4457668045244265,-106.95053068480225,-69.24960284688514,6.064724315991071,-0.169,-0.8036,-0.5682,0.0529,0
551938.0,524.111772,1.0,-2.38,1.73,-9.61,33.5,-17.37,31.75,-3.94,25.44,4.31,-0.3200587935909882,-0.39194065514221543,-0.23094656947278125,-107.20119776385688,-69.2356779378902,5.2386588087694115,-0.165,-0.8049,-0.5681,0.0457,0
551938.0,524.111772,1.0,-2.38,1.73,-9.61,33.5,-17.37,31.75,-3.94,25.44,4.31,-0.3200587935909882,-0.39194065514221543,-0.23094656947278125,-107.20119776385688,-69.2356779378902,5.2386588087694115,-0.165,-0.8049,-0.5681,0.0457,0
551974.0,524.130438,1.0,-2.1,2.32,-9.53,32.75,-16.56,30.87,-11.19,9.81,1.81,0.2647454813293079,-0.386178658881668,-0.21303441985774718,-107.3364808253328,-69.1660709028975,4.733977821845079,-0.1648,-0.8056,-0.5676,0.0413,0
551974.0,524.130438,1.0,-2.1,2.32,-9.53,32.75,-16.56,30.87,-11.19,9.81,1.81,0.2647454813293079,-0.386178658881668,-0.21303441985774718,-107.3364808253328,-69.1660709028975,4.733977821845079,-0.1648,-0.8056,-0.5676,0.0413,0
552009.0,524.142471,1.0,-2.5,2.05,-9.26,32.38,-17.37,31.25,-5.81,4.0,-5.25,-0.1391233324246664,-0.01130763880238117,-0.0005217042009526551,-107.2205106449329,-69.27745617086707,4.4587366294239885,-0.1657,-0.805,-0.5684,0.0389,0
552009.0,524.142471,1.0,-2.5,2.05,-9.26,32.38,-17.37,31.25,-5.81,4.0,-5.25,-0.1391233324246664,-0.01130763880238117,-0.0005217042009526551,-107.2205106449329,-69.27745617086707,4.4587366294239885,-0.1657,-0.805,-0.5684,0.0389,0
552044.0,524.200481,1.0,-3.16,2.38,-8.85,32.38,-17.37,31.25,-4.0,4.75,-1.5,-0.03406679745698277,0.8181767564381657,0.14735777704001052,-107.104699496576,-69.38891628677108,4.298191253728037,-0.1661,-0.8044,-0.5692,0.0375,0
552044.0,524.200481,1.0,-3.16,2.38,-8.85,32.38,-17.37,31.25,-4.0,4.75,-1.5,-0.03406679745698277,0.8181767564381657,0.14735777704001052,-107.104699496576,-69.38891628677108,4.298191253728037,-0.1661,-0.8044,-0.5692,0.0375,0
552081.0,524.23465,1.0,-3.08,2.73,-8.66,31.56,-17.0,32.06,5.0,15.5,-4.5,0.32399902558353255,0.9643679850189473,0.27250509755115004,-107.06613098760812,-69.51439870357002,3.9771255068430276,-0.1644,-0.8042,-0.5701,0.0347,0
552081.0,524.23465,1.0,-3.08,2.73,-8.66,31.56,-17.0,32.06,5.0,15.5,-4.5,0.32399902558353255,0.9643679850189473,0.27250509755115004,-107.06613098760812,-69.51439870357002,3.9771255068430276,-0.1644,-0.8042,-0.5701,0.0347,0
552116.0,524.254517,1.0,-2.08,2.23,-9.38,32.25,-17.0,32.06,11.5,21.12,-10.25,0.14309449430515148,-0.2017486098278276,-0.05349814615541604,-106.95053068480225,-69.84948599144745,3.724881599063971,-0.1592,-0.8036,-0.5725,0.0325,0
552116.0,524.254517,1.0,-2.08,2.23,-9.38,32.25,-17.0,32.06,11.5,21.12,-10.25,0.14309449430515148,-0.2017486098278276,-0.05349814615541604,-106.95053068480225,-69.84948599144745,3.724881599063971,-0.1592,-0.8036,-0.5725,0.0325,0
552148.0,524.295799,1.0,-1.94,1.66,-9.94,32.25,-17.0,32.06,16.94,15.19,-14.44,-0.3487801878579819,-0.5161414247215232,-0.4371164172043773,-106.60467021911299,-70.50769114431372,3.495584654482353,-0.1519,-0.8018,-0.5772,0.0305,0
552148.0,524.295799,1.0,-1.94,1.66,-9.94,32.25,-17.0,32.06,16.94,15.19,-14.44,-0.3487801878579819,-0.5161414247215232,-0.4371164172043773,-106.60467021911299,-70.50769114431372,3.495584654482353,-0.1519,-0.8018,-0.5772,0.0305,0
552185.0,524.352248,1.0,-2.26,1.21,-9.37,31.19,-15.5,32.56,18.69,5.31,-8.63,-0.717298478117527,-0.1335154680945395,0.11973839138759423,-106.4322643435753,-70.83076596739934,3.679021045975539,-0.147,-0.8009,-0.5795,0.0321,0
552185.0,524.352248,1.0,-2.26,1.21,-9.37,31.19,-15.5,32.56,18.69,5.31,-8.63,-0.717298478117527,-0.1335154680945395,0.11973839138759423,-106.4322643435753,-70.83076596739934,3.679021045975539,-0.147,-0.8009,-0.5795,0.0321,0
552222.0,524.410481,1.0,-2.2,1.09,-9.14,30.75,-16.25,32.5,5.81,10.75,-3.69,-0.709476038016446,-0.08011514259247554,0.3695993317346282,-106.45140340836083,-70.9995839667978,3.7478120989556993,-0.1414,-0.801,-0.5807,0.0327,0
552222.0,524.410481,1.0,-2.2,1.09,-9.14,30.75,-16.25,32.5,5.81,10.75,-3.69,-0.709476038016446,-0.08011514259247554,0.3695993317346282,-106.45140340836083,-70.9995839667978,3.7478120989556993,-0.1414,-0.801,-0.5807,0.0327,0
552255.0,524.41696,1.0,-1.65,1.56,-9.64,30.75,-16.25,32.5,2.81,15.19,-4.06,-0.15462361122157803,-0.5160699718795991,-0.08250887843738575,-106.39399903423677,-71.18267056189946,3.4611913427691,-0.1389,-0.8007,-0.582,0.0302,0
552255.0,524.41696,1.0,-1.65,1.56,-9.64,30.75,-16.25,32.5,2.81,15.19,-4.06,-0.15462361122157803,-0.5160699718795991,-0.08250887843738575,-106.39399903423677,-71.18267056189946,3.4611913427691,-0.1389,-0.8007,-0.582,0.0302,0
552290.0,524.431719,1.0,-1.84,2.0,-9.45,30.5,-15.06,34.06,1.37,2.56,-1.56,0.22479265256856287,-0.11896831283333409,-0.023070993186573574,-106.37487278289609,-71.26724268861088,3.3121572228147254,-0.1368,-0.8006,-0.5826,0.0289,0
552290.0,524.431719,1.0,-1.84,2.0,-9.45,30.5,-15.06,34.06,1.37,2.56,-1.56,0.22479265256856287,-0.11896831283333409,-0.023070993186573574,-106.37487278289609,-71.26724268861088,3.3121572228147254,-0.1368,-0.8006,-0.5826,0.0289,0
552325.0,524.517354,1.0,-2.18,1.96,-8.87,29.69,-15.5,34.06,6.25,8.19,-4.69,0.16262226903416827,0.361339319057535,0.4731679116196279,-106.45140340836083,-71.25314422862833,3.300693295071686,-0.1349,-0.801,-0.5825,0.0288,0
552325.0,524.517354,1.0,-2.18,1.96,-8.87,29.69,-15.5,34.06,6.25,8.19,-4.69,0.16262226903416827,0.361339319057535,0.4731679116196279,-106.45140340836083,-71.25314422862833,3.300693295071686,-0.1349,-0.801,-0.5825,0.0288,0
552361.0,524.528728,1.0,-1.75,1.58,-9.57,30.5,-14.69,34.06,3.25,18.44,-6.5,-0.1320583147247382,-0.21430461710951598,-0.0462903800387231,-106.26020470831196,-71.62010973363982,2.922401528803222,-0.1306,-0.8,-0.5851,0.0255,0
552361.0,524.528728,1.0,-1.75,1.58,-9.57,30.5,-14.69,34.06,3.25,18.44,-6.5,-0.1320583147247382,-0.21430461710951598,-0.0462903800387231,-106.26020470831196,-71.62010973363982,2.922401528803222,-0.1306,-0.8,-0.5851,0.0255,0
552394.0,524.570634,1.0,-1.12,1.56,-10.02,30.5,-14.69,34.06,4.31,15.94,1.06,-0.012130846994091116,-0.8262290023424667,-0.3622043345963686,-106.24110823664704,-71.73319272014939,2.589989743099661,-0.1274,-0.7999,-0.5859,0.0226,0
552394.0,524.570634,1.0,-1.12,1.56,-10.02,30.5,-14.69,34.06,4.31,15.94,1.06,-0.012130846994091116,-0.8262290023424667,-0.3622043345963686,-106.24110823664704,-71.73319272014939,2.589989743099661,-0.1274,-0.7999,-0.5859,0.0226,0
552433.0,524.590603,1.0,-1.07,1.57,-10.33,28.56,-15.06,34.5,-0.25,7.75,-6.81,-0.02459305452408239,-0.8578428674140309,-0.6615017373649135,-106.4131295533326,-71.69077715376791,2.3149069396375412,-0.1243,-0.8008,-0.5856,0.0202,0
552433.0,524.590603,1.0,-1.07,1.57,-10.33,28.56,-15.06,34.5,-0.25,7.75,-6.81,-0.02459305452408239,-0.8578428674140309,-0.6615017373649135,-106.4131295533326,-71.69077715376791,2.3149069396375412,-0.1243,-0.8008,-0.5856,0.0202,0
552468.0,524.625188,1.0,-1.8,1.31,-9.25,29.25,-14.0,35.25,2.06,-5.25,-9.81,-0.36032964030344516,-0.018813261808971582,0.2993681270618218,-106.12661834568746,-71.97376249969179,2.3951379752687134,-0.1243,-0.7993,-0.5876,0.0209,0
552468.0,524.625188,1.0,-1.8,1.31,-9.25,29.25,-14.0,35.25,2.06,-5.25,-9.81,-0.36032964030344516,-0.018813261808971582,0.2993681270618218,-106.12661834568746,-71.97376249969179,2.3951379752687134,-0.1243,-0.7993,-0.5876,0.0209,0
552501.0,524.686201,1.0,-1.98,1.42,-9.2,29.25,-14.0,35.25,0.56,2.13,-1.94,-0.28600146971271306,0.18051678087015466,0.2954767363512705,-105.93613916476912,-72.15797532584308,2.509755787270372,-0.1242,-0.7983,-0.5889,0.0219,0
552501.0,524.686201,1.0,-1.98,1.42,-9.2,29.25,-14.0,35.25,0.56,2.13,-1.94,-0.28600146971271306,0.18051678087015466,0.2954767363512705,-105.93613916476912,-72.15797532584308,2.509755787270372,-0.1242,-0.7983,-0.5889,0.0219,0
552536.0,524.701946,1.0,-2.1,1.84,-9.59,30.5,-14.38,34.88,-3.31,1.25,-3.94,0.02217571005411126,0.3259227077309653,-0.1761843984295819,-105.87907721917453,-72.22888386833002,2.4409848060552455,-0.1243,-0.798,-0.5894,0.0213,0
552536.0,524.701946,1.0,-2.1,1.84,-9.59,30.5,-14.38,34.88,-3.31,1.25,-3.94,0.02217571005411126,0.3259227077309653,-0.1761843984295819,-105.87907721917453,-72.22888386833002,2.4409848060552455,-0.1243,-0.798,-0.5894,0.0213,0
552572.0,524.746364,1.0,-2.3,1.63,-9.21,29.25,-14.69,34.88,5.69,0.94,-7.5,-0.18284892966053806,0.5360904651137415,0.1915486858101101,-105.70811662886264,-72.38499549855874,2.486832027635776,-0.1242,-0.7971,-0.5905,0.0217,0
552572.0,524.746364,1.0,-2.3,1.63,-9.21,29.25,-14.69,34.88,5.69,0.94,-7.5,-0.18284892966053806,0.5360904651137415,0.1915486858101101,-105.70811662886264,-72.38499549855874,2.486832027635776,-0.1242,-0.7971,-0.5905,0.0217,0
552607.0,524.762773,1.0,-1.92,1.22,-9.32,29.25,-14.69,34.88,1.56,4.75,0.0,-0.44605990781613153,0.06701526692964743,0.2236577996151201,-105.68914179321384,-72.47021290272461,2.509755787270372,-0.1226,-0.797,-0.5911,0.0219,0
552607.0,524.762773,1.0,-1.92,1.22,-9.32,29.25,-14.69,34.88,1.56,4.75,0.0,-0.44605990781613153,0.06701526692964743,0.2236577996151201,-105.68914179321384,-72.47021290272461,2.509755787270372,-0.1226,-0.797,-0.5911,0.0219,0
552640.0,524.803985,1.0,-1.59,1.57,-9.86,29.25,-14.0,35.25,-0.31,10.44,-2.06,-0.11105215339543925,-0.20921893795749225,-0.3005996187254727,-105.65120455426174,-72.54126289658385,2.142987063023817,-0.1214,-0.7968,-0.5916,0.0187,0
552640.0,524.803985,1.0,-1.59,1.57,-9.86,29.25,-14.0,35.25,-0.31,10.44,-2.06,-0.11105215339543925,-0.20921893795749225,-0.3005996187254727,-105.65120455426174,-72.54126289658385,2.142987063023817,-0.1214,-0.7968,-0.5916,0.0187,0
552675.0,524.820851,1.0,-1.33,1.19,-9.8,29.25,-14.38,35.69,1.75,1.06,0.81,-0.3791694330168982,-0.5189032080821168,-0.13377101732656804,-105.72709561294404,-72.48442031771654,2.0971425933011094,-0.1202,-0.7972,-0.5912,0.0183,0
552675.0,524.820851,1.0,-1.33,1.19,-9.8,29.25,-14.38,35.69,1.75,1.06,0.81,-0.3791694330168982,-0.5189032080821168,-0.13377101732656804,-105.72709561294404,-72.48442031771654,2.0971425933011094,-0.1202,-0.7972,-0.5912,0.0183,0
552712.0,524.869023,1.0,-1.46,1.77,-9.56,30.06,-13.56,35.25,-6.88,0.0,0.44,0.13288227368796823,-0.20096260142360323,-0.02188276609324724,-105.76506603938064,-72.42759839996175,2.0283765158457068,-0.1215,-0.7974,-0.5908,0.0177,0
552712.0,524.869023,1.0,-1.46,1.77,-9.56,30.06,-13.56,35.25,-6.88,0.0,0.44,0.13288227368796823,-0.20096260142360323,-0.02188276609324724,-105.76506603938064,-72.42759839996175,2.0283765158457068,-0.1215,-0.7974,-0.5908,0.0177,0
552747.0,524.886438,1.0,-1.52,1.48,-9.75,30.06,-13.56,35.25,-0.56,-1.5,-3.31,-0.19065960687536668,-0.2723472485096595,-0.1659512599790336,-105.67017110275857,-72.51283902222842,2.0054546535892377,-0.1221,-0.7969,-0.5914,0.0175,0
552747.0,524.886438,1.0,-1.52,1.48,-9.75,30.06,-13.56,35.25,-0.56,-1.5,-3.31,-0.19065960687536668,-0.2723472485096595,-0.1659512599790336,-105.67017110275857,-72.51283902222842,2.0054546535892377,-0.1221,-0.7969,-0.5914,0.0175,0
552781.0,524.933035,1.0,-1.69,1.64,-9.47,29.0,-14.0,35.25,0.63,-3.06,-1.31,-0.04547937950743858,-0.032863406349140645,0.04839956139356083,-105.63224214449237,-72.52705031289004,2.142987063023817,-0.1227,-0.7967,-0.5915,0.0187,0
552781.0,524.933035,1.0,-1.69,1.64,-9.47,29.0,-14.0,35.25,0.63,-3.06,-1.31,-0.04547937950743858,-0.032863406349140645,0.04839956139356083,-105.63224214449237,-72.52705031289004,2.142987063023817,-0.1227,-0.7967,-0.5915,0.0187,0
552818.0,524.994423,1.0,-1.62,1.51,-9.53,29.0,-14.38,36.06,1.81,-0.37,-2.81,-0.14035137340778758,-0.14714358930296445,0.02482755956950733,-105.65120455426174,-72.54126289658385,2.2117544130994498,-0.1223,-0.7968,-0.5916,0.0193,0
552818.0,524.994423,1.0,-1.62,1.51,-9.53,29.0,-14.38,36.06,1.81,-0.37,-2.81,-0.14035137340778758,-0.14714358930296445,0.02482755956950733,-105.65120455426174,-72.54126289658385,2.2117544130994498,-0.1223,-0.7968,-0.5916,0.0193,0
552851.0,525.01131,1.0,-1.74,1.41,-9.45,29.0,-14.38,36.06,1.81,-2.81,-2.0,-0.24100244764827336,-0.054602874805423474,0.09803854695015879,-105.53749206374759,-72.62656558446132,2.337829975144579,-0.1221,-0.7962,-0.5922,0.0204,0
552851.0,525.01131,1.0,-1.74,1.41,-9.45,29.0,-14.38,36.06,1.81,-2.81,-2.0,-0.24100244764827336,-0.054602874805423474,0.09803854695015879,-105.53749206374759,-72.62656558446132,2.337829975144579,-0.1221,-0.7962,-0.5922,0.0204,0
552886.0,525.05205,1.0,-1.89,1.57,-9.38,29.25,-14.0,36.06,-1.56,-5.75,0.37,-0.11632570325906486,0.12242887417101689,0.11165750379194428,-105.53749206374759,-72.61234523055687,2.4639083675369537,-0.1227,-0.7962,-0.5921,0.0215,0
552886.0,525.05205,1.0,-1.89,1.57,-9.38,29.25,-14.0,36.06,-1.56,-5.75,0.37,-0.11632570325906486,0.12242887417101689,0.11165750379194428,-105.53749206374759,-72.61234523055687,2.4639083675369537,-0.1227,-0.7962,-0.5921,0.0215,0
552923.0,525.105295,1.0,-1.97,1.59,-9.08,30.06,-14.38,34.5,-1.25,-0.88,0.25,-0.08884918535674186,0.24522939754062767,0.3839450611385846,-105.57537971529776,-72.52705031289004,2.555603608821701,-0.1237,-0.7964,-0.5915,0.0223,0
552923.0,525.105295,1.0,-1.97,1.59,-9.08,30.06,-14.38,34.5,-1.25,-0.88,0.25,-0.08884918535674186,0.24522939754062767,0.3839450611385846,-105.57537971529776,-72.52705031289004,2.555603608821701,-0.1237,-0.7964,-0.5915,0.0223,0
552957.0,525.111997,1.0,-1.72,1.55,-9.38,30.06,-14.38,34.5,-0.44,5.19,-0.56,-0.09386812378781303,-0.05292207881499422,0.14571381198434175,-105.57537971529776,-72.54126289658385,2.4639083675369537,-0.1234,-0.7964,-0.5916,0.0215,0
552957.0,525.111997,1.0,-1.72,1.55,-9.38,30.06,-14.38,34.5,-0.44,5.19,-0.56,-0.09386812378781303,-0.05292207881499422,0.14571381198434175,-105.57537971529776,-72.54126289658385,2.4639083675369537,-0.1234,-0.7964,-0.5916,0.0215,0
552992.0,525.165279,1.0,-1.54,1.5,-9.78,29.0,-14.0,36.5,-1.94,6.31,-3.44,-0.15445764409237153,-0.289191481487896,-0.2014722576073833,-105.51855441871267,-72.640787235407,2.2346770389286066,-0.1227,-0.7961,-0.5923,0.0195,0
552992.0,525.165279,1.0,-1.54,1.5,-9.78,29.0,-14.0,36.5,-1.94,6.31,-3.44,-0.15445764409237153,-0.289191481487896,-0.2014722576073833,-105.51855441871267,-72.640787235407,2.2346770389286066,-0.1227,-0.7961,-0.5923,0.0195,0
553027.0,525.18672,1.0,-1.66,1.31,-9.7,29.0,-14.38,35.69,-1.94,0.81,-0.88,-0.36989339533016097,-0.20120950140724492,-0.11224074506996295,-105.55643382820686,-72.61234523055687,2.165909426065293,-0.1226,-0.7963,-0.5921,0.0189,0
553027.0,525.18672,1.0,-1.66,1.31,-9.7,29.0,-14.38,35.69,-1.94,0.81,-0.88,-0.36989339533016097,-0.20120950140724492,-0.11224074506996295,-105.55643382820686,-72.61234523055687,2.165909426065293,-0.1226,-0.7963,-0.5921,0.0189,0
553064.0,525.223092,1.0,-1.76,1.58,-9.54,29.69,-14.0,35.75,-4.06,-1.75,1.56,-0.1330370069281342,-0.012105634564422818,-0.021256929168560035,-105.57537971529776,-72.55547677388152,2.1773706400327653,-0.1233,-0.7964,-0.5917,0.019,0
553064.0,525.223092,1.0,-1.76,1.58,-9.54,29.69,-14.0,35.75,-4.06,-1.75,1.56,-0.1330370069281342,-0.012105634564422818,-0.021256929168560035,-105.57537971529776,-72.55547677388152,2.1773706400327653,-0.1233,-0.7964,-0.5917,0.019,0
553097.0,525.238668,1.0,-1.7,1.64,-9.6,29.69,-14.0,35.75,-2.38,-1.31,0.88,-0.08052319067329128,-0.07884982489859238,-0.07904161570788837,-105.57537971529776,-72.52705031289004,2.1544482337672353,-0.1243,-0.7964,-0.5915,0.0188,0
553097.0,525.238668,1.0,-1.7,1.64,-9.6,29.69,-14.0,35.75,-2.38,-1.31,0.88,-0.08052319067329128,-0.07884982489859238,-0.07904161570788837,-105.57537971529776,-72.52705031289004,2.1544482337672353,-0.1243,-0.7964,-0.5915,0.0188,0
553134.0,525.278021,1.0,-1.61,1.71,-9.61,29.25,-14.0,35.25,-3.25,-2.0,0.37,0.002307288709370553,-0.15215344162007172,-0.08502043560500105,-105.57537971529776,-72.51283902222842,2.1315259137202647,-0.1248,-0.7964,-0.5914,0.0186,0
553134.0,525.278021,1.0,-1.61,1.71,-9.61,29.25,-14.0,35.25,-3.25,-2.0,0.37,0.002307288709370553,-0.15215344162007172,-0.08502043560500105,-105.57537971529776,-72.51283902222842,2.1315259137202647,-0.1248,-0.7964,-0.5914,0.0186,0
553168.0,525.333448,1.0,-1.67,1.78,-9.44,29.0,-14.38,36.88,-1.37,-2.38,1.06,0.0625893946372788,-0.05069668974126318,0.056551928014867414,-105.65120455426174,-72.42759839996175,2.142987063023817,-0.1255,-0.7968,-0.5908,0.0187,0
553168.0,525.333448,1.0,-1.67,1.78,-9.44,29.0,-14.38,36.88,-1.37,-2.38,1.06,0.0625893946372788,-0.05069668974126318,0.056551928014867414,-105.65120455426174,-72.42759839996175,2.142987063023817,-0.1255,-0.7968,-0.5908,0.0187,0
553201.0,525.344831,1.0,-1.74,1.67,-9.48,29.0,-14.38,36.88,0.56,0.12,-1.63,-0.06810805533362446,-0.03544685314340601,0.024983229280351793,-105.61328387022331,-72.44180194441707,2.1773706400327653,-0.126,-0.7966,-0.5909,0.019,0
553201.0,525.344831,1.0,-1.74,1.67,-9.48,29.0,-14.38,36.88,0.56,0.12,-1.63,-0.06810805533362446,-0.03544685314340601,0.024983229280351793,-105.61328387022331,-72.44180194441707,2.1773706400327653,-0.126,-0.7966,-0.5909,0.019,0
553236.0,525.397564,1.0,-1.62,1.52,-9.61,29.69,-15.06,34.06,1.31,1.31,2.44,-0.18298725896229376,-0.20581601474725386,-0.05291669591169246,-105.84105681640695,-72.22888386833002,2.18883187578443,-0.1253,-0.7978,-0.5894,0.0191,0
553236.0,525.397564,1.0,-1.62,1.52,-9.61,29.69,-15.06,34.06,1.31,1.31,2.44,-0.18298725896229376,-0.20581601474725386,-0.05291669591169246,-105.84105681640695,-72.22888386833002,2.18883187578443,-0.1253,-0.7978,-0.5894,0.0191,0
553273.0,525.443039,1.0,-1.37,1.76,-9.91,29.0,-13.56,34.5,-0.63,3.94,0.56,0.07254583009093746,-0.418801669315799,-0.3423372531358879,-105.89809368556763,-72.20051661196997,2.0627594617091103,-0.1248,-0.7981,-0.5892,0.018,0
553273.0,525.443039,1.0,-1.37,1.76,-9.91,29.0,-13.56,34.5,-0.63,3.94,0.56,0.07254583009093746,-0.418801669315799,-0.3423372531358879,-105.89809368556763,-72.20051661196997,2.0627594617091103,-0.1248,-0.7981,-0.5892,0.018,0
553308.0,525.503073,1.0,-1.62,1.38,-9.68,29.0,-13.56,34.5,6.19,-4.94,-0.63,-0.316626582778291,-0.239979913005825,-0.09654934407218896,-105.87907721917453,-72.22888386833002,2.1544482337672353,-0.1243,-0.798,-0.5894,0.0188,0
553308.0,525.503073,1.0,-1.62,1.38,-9.68,29.0,-13.56,34.5,6.19,-4.94,-0.63,-0.316626582778291,-0.239979913005825,-0.09654934407218896,-105.87907721917453,-72.22888386833002,2.1544482337672353,-0.1243,-0.798,-0.5894,0.0188,0
553342.0,525.510608,1.0,-1.89,1.54,-9.39,29.69,-14.38,35.69,0.56,-4.13,2.75,-0.17882460522779006,0.0884929331575336,0.10737215258546584,-106.01228040091104,-72.08709874052985,2.452446574526375,-0.1245,-0.7987,-0.5884,0.0214,0
553342.0,525.510608,1.0,-1.89,1.54,-9.39,29.69,-14.38,35.69,0.56,-4.13,2.75,-0.17882460522779006,0.0884929331575336,0.10737215258546584,-106.01228040091104,-72.08709874052985,2.452446574526375,-0.1245,-0.7987,-0.5884,0.0214,0
553377.0,525.527525,1.0,-1.75,1.46,-9.56,29.25,-14.69,34.88,4.44,2.94,2.13,-0.22371808661340487,-0.09163797131269191,-0.01828016259839771,-106.18384425288782,-71.93128239622219,2.4639083675369537,-0.1238,-0.7996,-0.5873,0.0215,0
553377.0,525.527525,1.0,-1.75,1.46,-9.56,29.25,-14.69,34.88,4.44,2.94,2.13,-0.22371808661340487,-0.09163797131269191,-0.01828016259839771,-106.18384425288782,-71.93128239622219,2.4639083675369537,-0.1238,-0.7996,-0.5873,0.0215,0
553414.0,525.570801,1.0,-1.85,1.66,-9.29,29.0,-13.56,35.69,0.37,4.75,2.69,-0.027101848569898,0.14434442429541372,0.19100492663238455,-106.33663306993483,-71.81805792972114,2.4295230620087382,-0.1224,-0.8004,-0.5865,0.0212,0
553414.0,525.570801,1.0,-1.85,1.66,-9.29,29.0,-13.56,35.69,0.37,4.75,2.69,-0.027101848569898,0.14434442429541372,0.19100492663238455,-106.33663306993483,-71.81805792972114,2.4295230620087382,-0.1224,-0.8004,-0.5865,0.0212,0
553447.0,525.609919,1.0,-1.77,1.67,-9.61,29.0,-13.56,35.69,0.69,5.56,2.63,-0.035993476879792596,0.029668846790298575,-0.10655958263025056,-106.4131295533326,-71.7614760712347,2.303445456683929,-0.1215,-0.8008,-0.5861,0.0201,0
553447.0,525.609919,1.0,-1.77,1.67,-9.61,29.0,-13.56,35.69,0.69,5.56,2.63,-0.035993476879792596,0.029668846790298575,-0.10655958263025056,-106.4131295533326,-71.7614760712347,2.303445456683929,-0.1215,-0.8008,-0.5861,0.0201,0
553484.0,525.627432,1.0,-1.94,1.62,-9.42,29.25,-13.56,34.06,2.56,-1.44,0.12,-0.11523878305208982,0.220303201970813,0.05664556297115908,-106.45140340836083,-71.73319272014939,2.2919839967771853,-0.1213,-0.801,-0.5859,0.02,0
553484.0,525.627432,1.0,-1.94,1.62,-9.42,29.25,-13.56,34.06,2.56,-1.44,0.12,-0.11523878305208982,0.220303201970813,0.05664556297115908,-106.45140340836083,-71.73319272014939,2.2919839967771853,-0.1213,-0.801,-0.5859,0.02,0
553519.0,525.727764,1.0,-1.77,1.6,-9.24,28.19,-14.38,35.69,-0.69,3.81,2.0,-0.05783089713791692,0.103687906079866,0.2643020496541819,-106.56632775318518,-71.62010973363982,2.2919839967771853,-0.1208,-0.8016,-0.5851,0.02,0
553519.0,525.727764,1.0,-1.77,1.6,-9.24,28.19,-14.38,35.69,-0.69,3.81,2.0,-0.05783089713791692,0.103687906079866,0.2643020496541819,-106.56632775318518,-71.62010973363982,2.2919839967771853,-0.1208,-0.8016,-0.5851,0.02,0
553551.0,525.734182,1.0,-1.57,1.77,-9.71,28.19,-14.38,35.69,-1.69,2.88,-0.12,0.08623854295726428,-0.11351316386060595,-0.18642648701534803,-106.58549683521667,-71.62010973363982,2.085681528609333,-0.1207,-0.8017,-0.5851,0.0182,0
553551.0,525.734182,1.0,-1.57,1.77,-9.71,28.19,-14.38,35.69,-1.69,2.88,-0.12,0.08623854295726428,-0.11351316386060595,-0.18642648701534803,-106.58549683521667,-71.62010973363982,2.085681528609333,-0.1207,-0.8017,-0.5851,0.0182,0
553586.0,525.746446,1.0,-1.74,1.55,-9.65,28.56,-14.0,35.69,-0.69,0.37,-1.44,-0.1662161360200616,-0.003336037161470573,-0.1193240613696247,-106.56632775318518,-71.64837292642449,2.085681528609333,-0.1206,-0.8016,-0.5853,0.0182,0
553586.0,525.746446,1.0,-1.74,1.55,-9.65,28.56,-14.0,35.69,-0.69,0.37,-1.44,-0.1662161360200616,-0.003336037161470573,-0.1193240613696247,-106.56632775318518,-71.64837292642449,2.085681528609333,-0.1206,-0.8016,-0.5853,0.0182,0
553623.0,525.790477,1.0,-1.71,1.53,-9.54,28.56,-14.0,35.25,-3.44,-1.19,-0.06,-0.1715217510638752,-0.021893513655454222,-0.003890299237946593,-106.54716296958813,-71.66250640989891,2.0742204847835874,-0.1212,-0.8015,-0.5854,0.0181,0
553623.0,525.790477,1.0,-1.71,1.53,-9.54,28.56,-14.0,35.25,-3.44,-1.19,-0.06,-0.1715217510638752,-0.021893513655454222,-0.003890299237946593,-106.54716296958813,-71.66250640989891,2.0742204847835874,-0.1212,-0.8015,-0.5854,0.0181,0
553658.0,525.806682,1.0,-1.55,1.72,-9.64,28.56,-14.0,35.25,-1.94,1.31,-0.25,0.032366882692966184,-0.13829708576239486,-0.10648907402566365,-106.52800248099958,-71.66250640989891,2.0054546535892377,-0.1216,-0.8014,-0.5854,0.0175,0
553658.0,525.806682,1.0,-1.55,1.72,-9.64,28.56,-14.0,35.25,-1.94,1.31,-0.25,0.032366882692966184,-0.13829708576239486,-0.10648907402566365,-106.52800248099958,-71.66250640989891,2.0054546535892377,-0.1216,-0.8014,-0.5854,0.0175,0
553691.0,525.888686,1.0,-1.46,1.8,-9.81,29.0,-14.38,35.69,0.25,0.81,-3.19,0.11160408378127618,-0.23263251085346703,-0.27011171413105295,-106.4322643435753,-71.7614760712347,1.959611168911186,-0.1216,-0.8009,-0.5861,0.0171,0
553691.0,525.888686,1.0,-1.46,1.8,-9.81,29.0,-14.38,35.69,0.25,0.81,-3.19,0.11160408378127618,-0.23263251085346703,-0.27011171413105295,-106.4322643435753,-71.7614760712347,1.959611168911186,-0.1216,-0.8009,-0.5861,0.0171,0
553725.0,525.898247,1.0,-1.65,1.53,-9.39,29.0,-14.38,36.06,1.44,-1.94,-1.81,-0.13747299010304362,-0.046065670516141854,0.1518854181475735,-106.39399903423677,-71.80391056917499,2.051298459271143,-0.1213,-0.8007,-0.5864,0.0179,0
553725.0,525.898247,1.0,-1.65,1.53,-9.39,29.0,-14.38,36.06,1.44,-1.94,-1.81,-0.13747299010304362,-0.046065670516141854,0.1518854181475735,-106.39399903423677,-71.80391056917499,2.051298459271143,-0.1213,-0.8007,-0.5864,0.0179,0
553762.0,525.932236,1.0,-1.67,1.62,-9.39,29.0,-14.0,36.06,-0.69,3.19,-1.75,-0.06468855086791073,0.010041807888236831,0.13291677267349122,-106.31751960155214,-71.88881371666841,1.9710720103882062,-0.121,-0.8003,-0.587,0.0172,0
553762.0,525.932236,1.0,-1.67,1.62,-9.39,29.0,-14.0,36.06,-0.69,3.19,-1.75,-0.06468855086791073,0.010041807888236831,0.13291677267349122,-106.31751960155214,-71.88881371666841,1.9710720103882062,-0.121,-0.8003,-0.587,0.0172,0
553797.0,525.939561,1.0,-1.54,1.66,-9.48,29.0,-14.0,36.06,-0.56,7.06,-2.31,-0.0028398890738083743,-0.09072138987042433,0.060401410699084224,-106.26020470831196,-71.97376249969179,1.8335431812694831,-0.12,-0.8,-0.5876,0.016,0
553797.0,525.939561,1.0,-1.54,1.66,-9.48,29.0,-14.0,36.06,-0.56,7.06,-2.31,-0.0028398890738083743,-0.09072138987042433,0.060401410699084224,-106.26020470831196,-71.97376249969179,1.8335431812694831,-0.12,-0.8,-0.5876,0.016,0
553832.0,525.996877,1.0,-1.51,1.34,-9.77,29.25,-14.0,36.5,-0.19,6.13,-3.5,-0.3295637387229276,-0.21080863672701033,-0.16207847763446104,-106.12661834568746,-72.18633490403623,1.6157945246366485,-0.1177,-0.7993,-0.5891,0.0141,0
553832.0,525.996877,1.0,-1.51,1.34,-9.77,29.25,-14.0,36.5,-0.19,6.13,-3.5,-0.3295637387229276,-0.21080863672701033,-0.16207847763446104,-106.12661834568746,-72.18633490403623,1.6157945246366485,-0.1177,-0.7993,-0.5891,0.0141,0
553867.0,526.014083,1.0,-1.64,1.6,-9.17,29.0,-14.38,35.25,1.06,5.81,-3.13,-0.05669300564601,0.12788823846429187,0.3557807012754992,-106.05037621061462,-72.2856337588228,1.5126525087430307,-0.1169,-0.7989,-0.5898,0.0132,0
553867.0,526.014083,1.0,-1.64,1.6,-9.17,29.0,-14.38,35.25,1.06,5.81,-3.13,-0.05669300564601,0.12788823846429187,0.3557807012754992,-106.05037621061462,-72.2856337588228,1.5126525087430307,-0.1169,-0.7989,-0.5898,0.0132,0
