TIME,ELAPSED_SECONDS,PSTATE,acc_x,acc_y,acc_z,mag_x,mag_y,mag_z,gyr_x,gyr_y,gyr_z,lin_x,lin_y,lin_z,eul_x,eul_y,eul_z,qua_w,qua_x,qua_y,qua_z,LABLE
1078202.0,167.610949,1.0,1.34,7.09,-6.67,8.25,-40.0,13.88,0.88,0.81,-0.25,-0.05273106162883501,-0.007941847724995177,-0.019323557983666362,-123.28472684734405,-29.168105022171193,-21.019168663575197,-0.359,-0.88,-0.2518,-0.1824,1
1078202.0,167.610949,1.0,1.34,7.09,-6.67,8.25,-40.0,13.88,0.88,0.81,-0.25,-0.05273106162883501,-0.007941847724995177,-0.019323557983666362,-123.28472684734405,-29.168105022171193,-21.019168663575197,-0.359,-0.88,-0.2518,-0.1824,1
1078235.0,167.660817,1.0,1.39,7.23,-6.72,7.5,-40.38,13.5,-1.06,0.88,-0.94,0.004390505113278875,0.015221021702898296,-0.16145659272678792,-123.2364939020704,-29.203628467396104,-21.030823443414317,-0.3593,-0.8798,-0.2521,-0.1825,1
1078235.0,167.660817,1.0,1.39,7.23,-6.72,7.5,-40.38,13.5,-1.06,0.88,-0.94,0.004390505113278875,0.015221021702898296,-0.16145659272678792,-123.2364939020704,-29.203628467396104,-21.030823443414317,-0.3593,-0.8798,-0.2521,-0.1825,1
1078272.0,167.676058,1.0,1.3,7.11,-6.63,7.88,-40.38,14.38,1.94,-0.44,-1.06,-0.055967802359972785,0.044765089280356274,-0.0011970467213497926,-123.26060567533969,-29.227312357897997,-21.019168663575197,-0.3591,-0.8799,-0.2523,-0.1824,1
1078272.0,167.676058,1.0,1.3,7.11,-6.63,7.88,-40.38,14.38,1.94,-0.44,-1.06,-0.055967802359972785,0.044765089280356274,-0.0011970467213497926,-123.26060567533969,-29.227312357897997,-21.019168663575197,-0.3591,-0.8799,-0.2523,-0.1824,1
1078306.0,167.692061,1.0,1.2,6.91,-6.43,7.88,-40.38,14.38,0.56,-0.44,-0.94,-0.08722237970074376,0.09339208735633742,0.2926250802040382,-123.28472684734405,-29.262840587223423,-20.97255174185992,-0.3586,-0.88,-0.2526,-0.182,1
1078306.0,167.692061,1.0,1.2,6.91,-6.43,7.88,-40.38,14.38,0.56,-0.44,-0.94,-0.08722237970074376,0.09339208735633742,0.2926250802040382,-123.28472684734405,-29.262840587223423,-20.97255174185992,-0.3586,-0.88,-0.2526,-0.182,1
1078341.0,167.747832,1.0,1.34,6.86,-6.61,7.88,-39.19,13.56,2.38,2.63,-0.56,-0.0836904321455495,-0.10890044996282383,0.18747973414207308,-123.28472684734405,-29.298371692491795,-21.019168663575197,-0.3583,-0.88,-0.2529,-0.1824,1
1078341.0,167.747832,1.0,1.34,6.86,-6.61,7.88,-39.19,13.56,2.38,2.63,-0.56,-0.0836904321455495,-0.10890044996282383,0.18747973414207308,-123.28472684734405,-29.298371692491795,-21.019168663575197,-0.3583,-0.88,-0.2529,-0.1824,1
1078378.0,167.78942,1.0,1.57,7.13,-6.76,7.88,-39.56,14.0,-0.81,2.38,0.25,0.10119132473980319,-0.1551758654016676,-0.1414694588019625,-123.2364939020704,-29.322060695782294,-21.08910064572278,-0.3583,-0.8798,-0.2531,-0.183,1
1078378.0,167.78942,1.0,1.57,7.13,-6.76,7.88,-39.56,14.0,-0.81,2.38,0.25,0.10119132473980319,-0.1551758654016676,-0.1414694588019625,-123.2364939020704,-29.322060695782294,-21.08910064572278,-0.3583,-0.8798,-0.2531,-0.183,1
1078411.0,167.814843,1.0,1.49,7.12,-6.73,7.88,-39.56,14.0,0.81,0.31,-0.06,0.047008212150222106,-0.09857298793819663,-0.10271292574045354,-123.2364939020704,-29.322060695782294,-21.100756747738608,-0.3583,-0.8798,-0.2531,-0.1831,1
1078411.0,167.814843,1.0,1.49,7.12,-6.73,7.88,-39.56,14.0,0.81,0.31,-0.06,0.047008212150222106,-0.09857298793819663,-0.10271292574045354,-123.2364939020704,-29.322060695782294,-21.100756747738608,-0.3583,-0.8798,-0.2531,-0.1831,1
1078446.0,167.843911,1.0,1.37,6.94,-6.63,7.19,-39.56,13.5,1.81,-0.94,0.19,-0.04850137565771184,-0.07774345934451365,0.11185739927416272,-123.28472684734405,-29.333905677818493,-21.07744476440248,-0.3578,-0.88,-0.2532,-0.1829,1
1078446.0,167.843911,1.0,1.37,6.94,-6.63,7.19,-39.56,13.5,1.81,-0.94,0.19,-0.04850137565771184,-0.07774345934451365,0.11185739927416272,-123.28472684734405,-29.333905677818493,-21.07744476440248,-0.3578,-0.88,-0.2532,-0.1829,1
1078482.0,167.878139,1.0,1.4,7.12,-6.5,6.75,-40.38,12.69,-1.94,0.37,1.37,0.09201857736713859,0.08138817745885901,0.06553566199999494,-123.26060567533969,-29.298371692491795,-21.08910064572278,-0.3581,-0.8799,-0.2529,-0.183,1
1078482.0,167.878139,1.0,1.4,7.12,-6.5,6.75,-40.38,12.69,-1.94,0.37,1.37,0.09201857736713859,0.08138817745885901,0.06553566199999494,-123.26060567533969,-29.298371692491795,-21.08910064572278,-0.3581,-0.8799,-0.2529,-0.183,1
1078515.0,167.922835,1.0,1.39,7.13,-6.67,6.75,-40.38,12.69,-0.56,0.0,1.25,-0.002464007282199976,0.006062722953048216,-0.05528982804896998,-123.28472684734405,-29.274683969227155,-21.112413070583102,-0.358,-0.88,-0.2527,-0.1832,1
1078515.0,167.922835,1.0,1.39,7.13,-6.67,6.75,-40.38,12.69,-0.56,0.0,1.25,-0.002464007282199976,0.006062722953048216,-0.05528982804896998,-123.28472684734405,-29.274683969227155,-21.112413070583102,-0.358,-0.88,-0.2527,-0.1832,1
1078550.0,167.93417,1.0,1.35,7.26,-6.84,7.5,-40.0,14.38,0.69,-0.81,0.44,-0.08179043124586383,0.017804700789723238,-0.2585719706267007,-123.30885743015297,-29.23915478171118,-21.112413070583102,-0.3581,-0.8801,-0.2524,-0.1832,1
1078550.0,167.93417,1.0,1.35,7.26,-6.84,7.5,-40.0,14.38,0.69,-0.81,0.44,-0.08179043124586383,0.017804700789723238,-0.2585719706267007,-123.30885743015297,-29.23915478171118,-21.112413070583102,-0.3581,-0.8801,-0.2524,-0.1832,1
1078585.0,168.073123,1.0,1.33,7.08,-6.61,7.5,-40.38,14.38,0.94,-1.12,0.31,-0.03151753723419204,0.046478924721860215,0.029930388882810632,-123.33299743586116,-29.23915478171118,-21.07744476440248,-0.3578,-0.8802,-0.2524,-0.1829,1
1078585.0,168.073123,1.0,1.33,7.08,-6.61,7.5,-40.38,14.38,0.94,-1.12,0.31,-0.03151753723419204,0.046478924721860215,0.029930388882810632,-123.33299743586116,-29.23915478171118,-21.07744476440248,-0.3578,-0.8802,-0.2524,-0.1829,1
1078622.0,168.142538,1.0,1.25,7.11,-6.53,6.75,-40.69,14.38,-1.06,-0.63,-0.12,-0.04163860338924108,0.14998362405207571,0.07365091753708342,-123.35714687658854,-29.215470253177052,-21.030823443414317,-0.358,-0.8803,-0.2522,-0.1825,1
1078622.0,168.142538,1.0,1.25,7.11,-6.53,6.75,-40.69,14.38,-1.06,-0.63,-0.12,-0.04163860338924108,0.14998362405207571,0.07365091753708342,-123.35714687658854,-29.215470253177052,-21.030823443414317,-0.358,-0.8803,-0.2522,-0.1825,1
1078657.0,168.195316,1.0,1.37,7.15,-6.68,6.75,-40.69,14.38,-0.37,1.5,-0.12,-0.012006736008652985,0.027114516407474865,-0.07367998645745999,-123.33299743586116,-29.227312357897997,-21.065789103644565,-0.3579,-0.8802,-0.2523,-0.1828,1
1078657.0,168.195316,1.0,1.37,7.15,-6.68,6.75,-40.69,14.38,-0.37,1.5,-0.12,-0.012006736008652985,0.027114516407474865,-0.07367998645745999,-123.33299743586116,-29.227312357897997,-21.065789103644565,-0.3579,-0.8802,-0.2523,-0.1828,1
1078693.0,168.228304,1.0,1.38,7.07,-6.77,7.88,-39.19,13.88,0.56,-0.5,-0.19,-0.07218224762589254,-0.07251921376959902,-0.07827441482290176,-123.35714687658854,-29.23915478171118,-21.065789103644565,-0.3577,-0.8803,-0.2524,-0.1828,1
1078693.0,168.228304,1.0,1.38,7.07,-6.77,7.88,-39.19,13.88,0.56,-0.5,-0.19,-0.07218224762589254,-0.07251921376959902,-0.07827441482290176,-123.35714687658854,-29.23915478171118,-21.065789103644565,-0.3577,-0.8803,-0.2524,-0.1828,1
1078728.0,168.241644,1.0,1.43,7.2,-6.57,7.19,-39.19,13.5,-0.44,-0.94,-0.12,0.11244661599927497,0.08650213074026608,-0.04371411204823339,-123.38130576448057,-29.227312357897997,-21.042478443283557,-0.3577,-0.8804,-0.2523,-0.1826,1
1078728.0,168.241644,1.0,1.43,7.2,-6.57,7.19,-39.19,13.5,-0.44,-0.94,-0.12,0.11244661599927497,0.08650213074026608,-0.04371411204823339,-123.38130576448057,-29.227312357897997,-21.042478443283557,-0.3577,-0.8804,-0.2523,-0.1826,1
1078763.0,168.260737,1.0,1.49,7.0,-6.71,7.19,-39.19,13.5,0.37,-0.75,-0.37,0.03428428236981429,-0.1403664306588983,-0.0026986966835114146,-123.40547411170806,-29.23915478171118,-21.019168663575197,-0.3573,-0.8805,-0.2524,-0.1824,1
1078763.0,168.260737,1.0,1.49,7.0,-6.71,7.19,-39.19,13.5,0.37,-0.75,-0.37,0.03428428236981429,-0.1403664306588983,-0.0026986966835114146,-123.40547411170806,-29.23915478171118,-21.019168663575197,-0.3573,-0.8805,-0.2524,-0.1824,1
1078798.0,168.269828,1.0,1.47,7.14,-6.79,8.25,-40.0,13.06,-1.12,-1.75,0.06,0.028795617675058227,-0.08999396252867525,-0.15506028986042786,-123.42965193046733,-29.215470253177052,-20.9608980601766,-0.3575,-0.8806,-0.2522,-0.1819,1
1078798.0,168.269828,1.0,1.47,7.14,-6.79,8.25,-40.0,13.06,-1.12,-1.75,0.06,0.028795617675058227,-0.08999396252867525,-0.15506028986042786,-123.42965193046733,-29.215470253177052,-20.9608980601766,-0.3575,-0.8806,-0.2522,-0.1819,1
1078833.0,168.2769,1.0,1.32,6.99,-6.62,8.25,-40.38,15.19,0.25,-2.13,0.5,-0.044603651973705194,-0.005873567876144792,0.0894036814470418,-123.4780360314948,-29.19178700040293,-20.890980569305803,-0.3575,-0.8808,-0.252,-0.1813,1
1078833.0,168.2769,1.0,1.32,6.99,-6.62,8.25,-40.38,15.19,0.25,-2.13,0.5,-0.044603651973705194,-0.005873567876144792,0.0894036814470418,-123.4780360314948,-29.19178700040293,-20.890980569305803,-0.3575,-0.8808,-0.252,-0.1813,1
1078870.0,168.282468,1.0,1.27,7.11,-6.57,6.75,-40.0,13.06,-0.06,-1.12,0.75,-0.019447064383895096,0.1223562980672574,0.04373287713092999,-123.502242338284,-29.15626451062837,-20.856024774540767,-0.3576,-0.8809,-0.2517,-0.181,1
1078870.0,168.282468,1.0,1.27,7.11,-6.57,6.75,-40.0,13.06,-0.06,-1.12,0.75,-0.019447064383895096,0.1223562980672574,0.04373287713092999,-123.502242338284,-29.15626451062837,-20.856024774540767,-0.3576,-0.8809,-0.2517,-0.181,1
1078902.0,168.291386,1.0,1.42,7.12,-6.76,6.75,-40.0,13.06,-0.75,-3.38,0.31,0.015043728443900117,-0.06385465533263929,-0.11323388385806155,-123.52645816564731,-29.132584441928433,-20.80942010008858,-0.3578,-0.881,-0.2515,-0.1806,1
1078902.0,168.291386,1.0,1.42,7.12,-6.76,6.75,-40.0,13.06,-0.75,-3.38,0.31,0.015043728443900117,-0.06385465533263929,-0.11323388385806155,-123.52645816564731,-29.132584441928433,-20.80942010008858,-0.3578,-0.881,-0.2515,-0.1806,1
1078939.0,168.327944,1.0,1.25,7.08,-6.45,7.88,-39.56,13.56,-0.25,-2.31,0.12,0.03152480037564054,0.17105572090434934,0.1494689347352942,-123.57491843142249,-29.085228117815248,-20.704572293778334,-0.358,-0.8812,-0.2511,-0.1797,1
1078939.0,168.327944,1.0,1.25,7.08,-6.45,7.88,-39.56,13.56,-0.25,-2.31,0.12,0.03152480037564054,0.17105572090434934,0.1494689347352942,-123.57491843142249,-29.085228117815248,-20.704572293778334,-0.358,-0.8812,-0.2511,-0.1797,1
1078974.0,168.464605,1.0,1.63,7.04,-7.24,7.88,-39.56,14.38,0.94,-8.44,0.63,-0.047895338730526316,-0.5035185387943123,-0.4100165364794215,-123.6476805433651,-29.03787686998247,-20.576448759783837,-0.3582,-0.8815,-0.2507,-0.1786,1
1078974.0,168.464605,1.0,1.63,7.04,-7.24,7.88,-39.56,14.38,0.94,-8.44,0.63,-0.047895338730526316,-0.5035185387943123,-0.4100165364794215,-123.6476805433651,-29.03787686998247,-20.576448759783837,-0.3582,-0.8815,-0.2507,-0.1786,1
1079007.0,168.561828,1.0,1.05,7.1,-6.36,7.88,-39.56,14.38,-0.19,-16.12,1.06,-0.013433028049871565,0.31390052717106576,0.22211109545174246,-123.86648635871313,-28.777535311725245,-20.087487431641748,-0.3594,-0.8824,-0.2485,-0.1744,1
1079007.0,168.561828,1.0,1.05,7.1,-6.36,7.88,-39.56,14.38,-0.19,-16.12,1.06,-0.013433028049871565,0.31390052717106576,0.22211109545174246,-123.86648635871313,-28.777535311725245,-20.087487431641748,-0.3594,-0.8824,-0.2485,-0.1744,1
1079044.0,168.575817,1.0,1.14,7.1,-6.73,8.25,-39.19,13.06,1.5,-7.13,0.88,-0.09603669989117303,0.052960847777852815,-0.04172408412559747,-123.98838434414273,-28.682903338517615,-19.8896800394181,-0.3597,-0.8829,-0.2477,-0.1727,1
1079044.0,168.575817,1.0,1.14,7.1,-6.73,8.25,-39.19,13.06,1.5,-7.13,0.88,-0.09603669989117303,0.052960847777852815,-0.04172408412559747,-123.98838434414273,-28.682903338517615,-19.8896800394181,-0.3597,-0.8829,-0.2477,-0.1727,1
1079080.0,168.687802,1.0,1.2,7.34,-7.56,7.5,-39.56,13.5,4.56,-12.44,2.06,-0.30564648447012477,-0.2861209817933075,-0.7902323250194048,-124.33100356461243,-28.48187662578674,-19.447737797457524,-0.3593,-0.8843,-0.246,-0.1689,1
1079080.0,168.687802,1.0,1.2,7.34,-7.56,7.5,-39.56,13.5,4.56,-12.44,2.06,-0.30564648447012477,-0.2861209817933075,-0.7902323250194048,-124.33100356461243,-28.48187662578674,-19.447737797457524,-0.3593,-0.8843,-0.246,-0.1689,1
1079113.0,168.701019,1.0,0.34,7.53,-5.79,7.5,-39.56,13.5,18.87,-29.19,-0.94,0.0074361229654292815,1.3117639561653334,0.3928399303533485,-124.99731160468365,-28.245489095128868,-18.564721836939235,-0.3572,-0.887,-0.244,-0.1613,1
1079113.0,168.701019,1.0,0.34,7.53,-5.79,7.5,-39.56,13.5,18.87,-29.19,-0.94,0.0074361229654292815,1.3117639561653334,0.3928399303533485,-124.99731160468365,-28.245489095128868,-18.564721836939235,-0.3572,-0.887,-0.244,-0.1613,1
1079148.0,168.720749,1.0,0.36,7.56,-6.12,7.88,-40.0,14.38,16.69,-5.81,-3.06,-0.0027243133952028487,1.203518446673247,0.14801987318420196,-125.62096841990898,-28.316392423916934,-17.9843995399279,-0.3528,-0.8895,-0.2446,-0.1563,1
1079148.0,168.720749,1.0,0.36,7.56,-6.12,7.88,-40.0,14.38,16.69,-5.81,-3.06,-0.0027243133952028487,1.203518446673247,0.14801987318420196,-125.62096841990898,-28.316392423916934,-17.9843995399279,-0.3528,-0.8895,-0.2446,-0.1563,1
1079185.0,168.72416,1.0,0.7,6.87,-6.48,7.88,-40.38,14.38,33.56,2.13,-9.44,-0.013460121941156533,0.4831866686744527,0.34918472285873925,-126.12469119973765,-28.65924846946876,-17.729205890532434,-0.3466,-0.8915,-0.2475,-0.1541,1
1079185.0,168.72416,1.0,0.7,6.87,-6.48,7.88,-40.38,14.38,33.56,2.13,-9.44,-0.013460121941156533,0.4831866686744527,0.34918472285873925,-126.12469119973765,-28.65924846946876,-17.729205890532434,-0.3466,-0.8915,-0.2475,-0.1541,1
1079220.0,168.736577,1.0,1.12,7.13,-7.6,8.25,-39.19,15.56,24.25,-4.19,-13.75,0.08608642820996382,-0.0908413799315757,-0.6735998524877829,-126.6328096707232,-29.250997524768877,-17.184314583414665,-0.34,-0.8935,-0.2525,-0.1494,1
1079220.0,168.736577,1.0,1.12,7.13,-7.6,8.25,-39.19,15.56,24.25,-4.19,-13.75,0.08608642820996382,-0.0908413799315757,-0.6735998524877829,-126.6328096707232,-29.250997524768877,-17.184314583414665,-0.34,-0.8935,-0.2525,-0.1494,1
1079255.0,168.765172,1.0,0.29,7.38,-6.78,8.25,-39.19,15.56,32.69,-2.94,-21.75,0.029257488185364,1.0176468048800906,-0.16733811809511145,-127.09397976921673,-29.748683032968085,-16.396650200988272,-0.3351,-0.8953,-0.2567,-0.1426,1
1079255.0,168.765172,1.0,0.29,7.38,-6.78,8.25,-39.19,15.56,32.69,-2.94,-21.75,0.029257488185364,1.0176468048800906,-0.16733811809511145,-127.09397976921673,-29.748683032968085,-16.396650200988272,-0.3351,-0.8953,-0.2567,-0.1426,1
1079291.0,168.771833,1.0,0.22,7.14,-6.87,8.69,-38.5,16.5,33.06,-8.88,-42.94,0.1178738964763082,0.9045674476090118,-0.06212720273670236,-127.17120439382435,-31.173847836723343,-15.470980940849387,-0.3282,-0.8956,-0.2687,-0.1346,1
1079291.0,168.771833,1.0,0.22,7.14,-6.87,8.69,-38.5,16.5,33.06,-8.88,-42.94,0.1178738964763082,0.9045674476090118,-0.06212720273670236,-127.17120439382435,-31.173847836723343,-15.470980940849387,-0.3282,-0.8956,-0.2687,-0.1346,1
1079326.0,168.775042,1.0,0.93,5.47,-7.21,9.75,-38.06,16.37,40.81,-6.31,-32.38,0.0948615741758535,-0.683273185500616,0.7350438006700966,-127.32596885361228,-32.28174931703743,-14.673408500442049,-0.3212,-0.8962,-0.278,-0.1277,1
1079326.0,168.775042,1.0,0.93,5.47,-7.21,9.75,-38.06,16.37,40.81,-6.31,-32.38,0.0948615741758535,-0.683273185500616,0.7350438006700966,-127.32596885361228,-32.28174931703743,-14.673408500442049,-0.3212,-0.8962,-0.278,-0.1277,1
1079361.0,168.778018,1.0,0.62,5.49,-7.23,9.75,-38.06,16.37,24.06,11.69,-23.75,0.018444045509514284,-0.39876988183831824,0.7161031298428551,-127.58485235552217,-33.356870714029654,-14.08435967436596,-0.3125,-0.8972,-0.287,-0.1226,1
1079361.0,168.778018,1.0,0.62,5.49,-7.23,9.75,-38.06,16.37,24.06,11.69,-23.75,0.018444045509514284,-0.39876988183831824,0.7161031298428551,-127.58485235552217,-33.356870714029654,-14.08435967436596,-0.3125,-0.8972,-0.287,-0.1226,1
1079396.0,168.814543,1.0,0.92,6.08,-7.86,11.25,-37.69,18.06,12.94,32.06,-23.06,0.27122181719603033,-0.4151552964814561,-0.16062067986418604,-127.04255474483057,-34.687040804634904,-14.627194705880914,-0.3062,-0.8951,-0.2981,-0.1273,1
1079396.0,168.814543,1.0,0.92,6.08,-7.86,11.25,-37.69,18.06,12.94,32.06,-23.06,0.27122181719603033,-0.4151552964814561,-0.16062067986418604,-127.04255474483057,-34.687040804634904,-14.627194705880914,-0.3062,-0.8951,-0.2981,-0.1273,1
1079433.0,168.846675,1.0,0.97,5.35,-7.83,10.88,-36.56,19.37,15.69,27.56,-15.75,-0.011400309469959957,-0.7760452330585024,0.3056014352787795,-126.88855686312145,-35.540393572715686,-15.077882439571027,-0.2993,-0.8945,-0.3052,-0.1312,1
1079433.0,168.846675,1.0,0.97,5.35,-7.83,10.88,-36.56,19.37,15.69,27.56,-15.75,-0.011400309469959957,-0.7760452330585024,0.3056014352787795,-126.88855686312145,-35.540393572715686,-15.077882439571027,-0.2993,-0.8945,-0.3052,-0.1312,1
1079468.0,168.861659,1.0,1.02,5.14,-7.45,10.88,-36.56,19.37,3.38,37.0,-18.25,0.042131102741227666,-0.7038292818055432,0.7256065956188227,-126.40360438507471,-36.34754136011127,-15.690733139619654,-0.2955,-0.8926,-0.3119,-0.1365,1
1079468.0,168.861659,1.0,1.02,5.14,-7.45,10.88,-36.56,19.37,3.38,37.0,-18.25,0.042131102741227666,-0.7038292818055432,0.7256065956188227,-126.40360438507471,-36.34754136011127,-15.690733139619654,-0.2955,-0.8926,-0.3119,-0.1365,1
1079502.0,168.895018,1.0,1.0,5.93,-7.61,12.38,-36.56,21.37,-0.19,37.31,-14.25,0.20743786126260133,-0.21621960190361827,0.11194945705039139,-125.29584795913513,-37.56783922201158,-16.906223928806188,-0.293,-0.8882,-0.322,-0.147,1
1079502.0,168.895018,1.0,1.0,5.93,-7.61,12.38,-36.56,21.37,-0.19,37.31,-14.25,0.20743786126260133,-0.21621960190361827,0.11194945705039139,-125.29584795913513,-37.56783922201158,-16.906223928806188,-0.293,-0.8882,-0.322,-0.147,1
1079537.0,168.932621,1.0,0.98,5.76,-7.58,11.69,-35.56,18.5,-6.0,39.44,-12.44,-0.020664485837452173,-0.2235060841591403,0.23878618358993542,-124.38010760157816,-38.47686069075838,-18.181656180152796,-0.2902,-0.8845,-0.3295,-0.158,1
1079537.0,168.932621,1.0,0.98,5.76,-7.58,11.69,-35.56,18.5,-6.0,39.44,-12.44,-0.020664485837452173,-0.2235060841591403,0.23878618358993542,-124.38010760157816,-38.47686069075838,-18.181656180152796,-0.2902,-0.8845,-0.3295,-0.158,1
1079574.0,168.99218,1.0,0.67,5.96,-7.08,10.88,-35.88,21.06,-11.19,48.19,-14.38,-0.03450884968480916,0.3569782900409981,0.5347421251485205,-123.502242338284,-39.21805551339583,-19.296614397760404,-0.2888,-0.8809,-0.3356,-0.1676,1
1079574.0,168.99218,1.0,0.67,5.96,-7.08,10.88,-35.88,21.06,-11.19,48.19,-14.38,-0.03450884968480916,0.3569782900409981,0.5347421251485205,-123.502242338284,-39.21805551339583,-19.296614397760404,-0.2888,-0.8809,-0.3356,-0.1676,1
1079609.0,169.007242,1.0,1.23,6.45,-8.04,10.88,-35.88,21.06,-3.75,46.94,-14.69,-0.05607626208095451,-0.03362220579151398,-0.573751003820071,-122.25585789752888,-40.25373221579878,-20.856024774540767,-0.2863,-0.8757,-0.3441,-0.181,1
1079609.0,169.007242,1.0,1.23,6.45,-8.04,10.88,-35.88,21.06,-3.75,46.94,-14.69,-0.05607626208095451,-0.03362220579151398,-0.573751003820071,-122.25585789752888,-40.25373221579878,-20.856024774540767,-0.2863,-0.8757,-0.3441,-0.181,1
1079644.0,169.037468,1.0,1.15,6.18,-7.6,11.25,-35.5,19.75,2.25,34.63,-14.06,-0.08652518299511025,0.09676031959841624,-0.055299646660079915,-121.6183055994286,-40.999096985270164,-21.637178319468855,-0.2828,-0.873,-0.3502,-0.1877,1
1079644.0,169.037468,1.0,1.15,6.18,-7.6,11.25,-35.5,19.75,2.25,34.63,-14.06,-0.08652518299511025,0.09676031959841624,-0.055299646660079915,-121.6183055994286,-40.999096985270164,-21.637178319468855,-0.2828,-0.873,-0.3502,-0.1877,1
1079683.0,169.081937,1.0,1.12,6.0,-6.7,10.88,-36.19,20.19,-10.63,54.19,-14.25,0.1325270656645543,0.4040795400117493,0.7532773520742442,-120.43103091016366,-42.00393403253583,-23.08561363949995,-0.2798,-0.8679,-0.3584,-0.2001,1
1079683.0,169.081937,1.0,1.12,6.0,-6.7,10.88,-36.19,20.19,-10.63,54.19,-14.25,0.1325270656645543,0.4040795400117493,0.7532773520742442,-120.43103091016366,-42.00393403253583,-23.08561363949995,-0.2798,-0.8679,-0.3584,-0.2001,1
1079715.0,169.120933,1.0,2.03,5.71,-7.56,10.88,-36.19,20.19,-19.0,85.44,-15.63,-0.14540473559742018,-0.6230871734102552,0.13870193243170625,-118.9708445669936,-42.99984891491944,-25.065778823031923,-0.2766,-0.8615,-0.3665,-0.217,1
1079715.0,169.120933,1.0,2.03,5.71,-7.56,10.88,-36.19,20.19,-19.0,85.44,-15.63,-0.14540473559742018,-0.6230871734102552,0.13870193243170625,-118.9708445669936,-42.99984891491944,-25.065778823031923,-0.2766,-0.8615,-0.3665,-0.217,1
1079750.0,169.134095,1.0,2.51,6.11,-8.12,10.38,-35.5,21.0,-7.94,50.06,-5.81,-0.3052199802501876,-0.7855076409039232,-0.626777936672477,-117.32089688772969,-43.91268486070203,-27.407295558849803,-0.273,-0.8541,-0.3739,-0.2369,1
1079750.0,169.134095,1.0,2.51,6.11,-8.12,10.38,-35.5,21.0,-7.94,50.06,-5.81,-0.3052199802501876,-0.7855076409039232,-0.626777936672477,-117.32089688772969,-43.91268486070203,-27.407295558849803,-0.273,-0.8541,-0.3739,-0.2369,1
1079785.0,169.195788,1.0,2.49,5.9,-7.22,10.38,-35.88,21.5,-22.81,53.25,3.31,-0.08398311947390624,-0.5435136518683612,0.171503932302004,-116.3581094221592,-44.30833052387342,-28.90768703373302,-0.271,-0.8497,-0.3771,-0.2496,1
1079785.0,169.195788,1.0,2.49,5.9,-7.22,10.38,-35.88,21.5,-22.81,53.25,3.31,-0.08398311947390624,-0.5435136518683612,0.171503932302004,-116.3581094221592,-44.30833052387342,-28.90768703373302,-0.271,-0.8497,-0.3771,-0.2496,1
1079822.0,169.213322,1.0,2.97,6.34,-7.64,8.88,-35.5,22.19,-19.37,49.81,6.25,-0.1813767770772654,-0.6538056936616023,-0.5338403452240978,-115.10854164041076,-44.51874337646561,-31.054898349248795,-0.2695,-0.8439,-0.3788,-0.2677,1
1079822.0,169.213322,1.0,2.97,6.34,-7.64,8.88,-35.5,22.19,-19.37,49.81,6.25,-0.1813767770772654,-0.6538056936616023,-0.5338403452240978,-115.10854164041076,-44.51874337646561,-31.054898349248795,-0.2695,-0.8439,-0.3788,-0.2677,1
1079857.0,169.245448,1.0,2.79,6.49,-6.93,8.88,-35.5,22.19,-13.63,19.62,7.0,0.09344385747294681,-0.21150915219603994,-0.08656141611953494,-114.5765055501271,-44.40732869091076,-32.031310917714855,-0.2704,-0.8414,-0.3779,-0.2759,1
1079857.0,169.245448,1.0,2.79,6.49,-6.93,8.88,-35.5,22.19,-13.63,19.62,7.0,0.09344385747294681,-0.21150915219603994,-0.08656141611953494,-114.5765055501271,-44.40732869091076,-32.031310917714855,-0.2704,-0.8414,-0.3779,-0.2759,1
1079894.0,169.292382,1.0,2.69,5.84,-6.17,9.0,-37.0,19.69,-29.19,33.56,17.0,0.02645691763318858,-0.2660881417930936,0.899400304818748,-113.96412130753305,-44.06098716195296,-33.33294664724561,-0.272,-0.8385,-0.3751,-0.2868,1
1079894.0,169.292382,1.0,2.69,5.84,-6.17,9.0,-37.0,19.69,-29.19,33.56,17.0,0.02645691763318858,-0.2660881417930936,0.899400304818748,-113.96412130753305,-44.06098716195296,-33.33294664724561,-0.272,-0.8385,-0.3751,-0.2868,1
1079928.0,169.332269,1.0,2.79,6.84,-5.66,7.38,-36.19,20.0,-48.69,67.0,16.0,0.5831803627624459,0.42286861030558875,0.5283752248649964,-112.85774497558256,-43.69037629572606,-35.39602326525133,-0.2739,-0.8332,-0.3721,-0.304,1
1079928.0,169.332269,1.0,2.79,6.84,-5.66,7.38,-36.19,20.0,-48.69,67.0,16.0,0.5831803627624459,0.42286861030558875,0.5283752248649964,-112.85774497558256,-43.69037629572606,-35.39602326525133,-0.2739,-0.8332,-0.3721,-0.304,1
1079963.0,169.346724,1.0,3.15,6.96,-5.65,7.38,-36.19,20.0,-44.56,88.81,8.88,0.270312883968469,0.31513127918072925,0.3137988360112498,-110.3098558920654,-43.62865462912294,-39.09643198688301,-0.2762,-0.8207,-0.3716,-0.3346,1
1079963.0,169.346724,1.0,3.15,6.96,-5.65,7.38,-36.19,20.0,-44.56,88.81,8.88,0.270312883968469,0.31513127918072925,0.3137988360112498,-110.3098558920654,-43.62865462912294,-39.09643198688301,-0.2762,-0.8207,-0.3716,-0.3346,1
1079998.0,169.4008,1.0,4.52,6.1,-7.07,5.19,-37.69,17.87,-41.81,47.88,22.56,-0.9866764522613474,-1.4426592024558353,-0.419322032238421,-108.7801674720705,-42.802857328099094,-41.844407080073346,-0.28,-0.813,-0.3649,-0.3571,1
1079998.0,169.4008,1.0,4.52,6.1,-7.07,5.19,-37.69,17.87,-41.81,47.88,22.56,-0.9866764522613474,-1.4426592024558353,-0.419322032238421,-108.7801674720705,-42.802857328099094,-41.844407080073346,-0.28,-0.813,-0.3649,-0.3571,1
1080035.0,169.422089,1.0,4.14,7.48,-5.56,3.19,-38.56,18.0,-60.5,24.31,24.06,0.217949648979886,-0.036106778048552224,-0.3891723920921901,-108.03568547430402,-41.599146544543494,-43.33257535076985,-0.2878,-0.8092,-0.3551,-0.3692,1
1080035.0,169.422089,1.0,4.14,7.48,-5.56,3.19,-38.56,18.0,-60.5,24.31,24.06,0.217949648979886,-0.036106778048552224,-0.3891723920921901,-108.03568547430402,-41.599146544543494,-43.33257535076985,-0.2878,-0.8092,-0.3551,-0.3692,1
1080070.0,169.448729,1.0,3.87,7.91,-5.14,3.19,-38.56,18.0,-82.75,22.5,13.06,0.057243016526446144,0.4153515260704348,-0.3810291442825626,-106.33663306993483,-40.25373221579878,-45.41167104755996,-0.3032,-0.8004,-0.3441,-0.386,1
1080070.0,169.448729,1.0,3.87,7.91,-5.14,3.19,-38.56,18.0,-82.75,22.5,13.06,0.057243016526446144,0.4153515260704348,-0.3810291442825626,-106.33663306993483,-40.25373221579878,-45.41167104755996,-0.3032,-0.8004,-0.3441,-0.386,1
1080104.0,169.514816,1.0,4.55,6.26,-4.65,2.5,-39.25,16.37,-64.75,46.44,23.56,-0.07271517788482029,-0.9560680185617352,0.8292758601532828,-105.06527849471128,-39.44926711740337,-47.231385466403594,-0.3094,-0.7937,-0.3375,-0.4006,1
1080104.0,169.514816,1.0,4.55,6.26,-4.65,2.5,-39.25,16.37,-64.75,46.44,23.56,-0.07271517788482029,-0.9560680185617352,0.8292758601532828,-105.06527849471128,-39.44926711740337,-47.231385466403594,-0.3094,-0.7937,-0.3375,-0.4006,1
1080139.0,169.545438,1.0,4.65,7.43,-4.63,1.69,-40.5,13.06,-89.31,38.94,25.5,-0.31969997938539363,-0.3994699758278908,-0.09297199589424032,-102.86973660263024,-37.55573563062537,-50.07356471942518,-0.3254,-0.7819,-0.3219,-0.4232,1
1080139.0,169.545438,1.0,4.65,7.43,-4.63,1.69,-40.5,13.06,-89.31,38.94,25.5,-0.31969997938539363,-0.3994699758278908,-0.09297199589424032,-102.86973660263024,-37.55573563062537,-50.07356471942518,-0.3254,-0.7819,-0.3219,-0.4232,1
1080176.0,169.58824,1.0,4.55,9.66,-4.11,0.5,-41.19,11.38,-76.75,2.5,10.13,0.1020708181003398,0.9482590162028661,-1.5951299657019486,-101.44701315982277,-36.07025258875129,-51.40520334224811,-0.3419,-0.7741,-0.3096,-0.4337,1
1080176.0,169.58824,1.0,4.55,9.66,-4.11,0.5,-41.19,11.38,-76.75,2.5,10.13,0.1020708181003398,0.9482590162028661,-1.5951299657019486,-101.44701315982277,-36.07025258875129,-51.40520334224811,-0.3419,-0.7741,-0.3096,-0.4337,1
1080209.0,169.600083,1.0,5.17,7.08,-3.97,0.5,-41.19,11.38,-31.87,-9.56,16.75,-0.1491933074886207,-1.0140163504902626,0.2376525500087503,-101.10372013014187,-34.78309311529889,-51.863473998811436,-0.3508,-0.7722,-0.2989,-0.4373,1
1080209.0,169.600083,1.0,5.17,7.08,-3.97,0.5,-41.19,11.38,-31.87,-9.56,16.75,-0.1491933074886207,-1.0140163504902626,0.2376525500087503,-101.10372013014187,-34.78309311529889,-51.863473998811436,-0.3508,-0.7722,-0.2989,-0.4373,1
1080246.0,169.671423,1.0,4.62,9.71,-3.79,-0.25,-42.25,7.69,-61.94,-25.31,15.06,-0.09326318136803025,0.8851054398944265,-1.5599893599546562,-100.81559788103888,-33.14160783025417,-52.08018919976155,-0.3635,-0.7706,-0.2852,-0.439,1
1080246.0,169.671423,1.0,4.62,9.71,-3.79,-0.25,-42.25,7.69,-61.94,-25.31,15.06,-0.09326318136803025,0.8851054398944265,-1.5599893599546562,-100.81559788103888,-33.14160783025417,-52.08018919976155,-0.3635,-0.7706,-0.2852,-0.439,1
1080283.0,169.679597,1.0,3.97,8.49,-2.9,-1.0,-42.75,6.88,-21.94,-22.62,0.69,0.1539867352136559,0.8634735114184358,0.03517613059539393,-100.83357983561886,-32.055155405875595,-51.68515222063561,-0.374,-0.7707,-0.2761,-0.4359,1
1080283.0,169.679597,1.0,3.97,8.49,-2.9,-1.0,-42.75,6.88,-21.94,-22.62,0.69,0.1539867352136559,0.8634735114184358,0.03517613059539393,-100.83357983561886,-32.055155405875595,-51.68515222063561,-0.374,-0.7707,-0.2761,-0.4359,1
1080317.0,169.732718,1.0,5.26,7.55,-4.1,-1.0,-42.75,6.88,-16.75,-19.94,16.0,-0.4010927919845444,-1.0483547441597043,-0.20435279205914014,-101.06765675595227,-31.376141122007805,-51.481520308996174,-0.3773,-0.772,-0.2704,-0.4343,1
1080317.0,169.732718,1.0,5.26,7.55,-4.1,-1.0,-42.75,6.88,-16.75,-19.94,16.0,-0.4010927919845444,-1.0483547441597043,-0.20435279205914014,-101.06765675595227,-31.376141122007805,-51.481520308996174,-0.3773,-0.772,-0.2704,-0.4343,1
1080350.0,169.765793,1.0,4.33,9.07,-3.03,-1.0,-42.69,5.25,-21.62,-50.0,20.0,0.21381608243303551,0.911361600341011,-0.6488941138334319,-102.0280527784433,-29.772396589189743,-50.60534083236857,-0.3837,-0.7773,-0.2569,-0.4274,1
1080350.0,169.765793,1.0,4.33,9.07,-3.03,-1.0,-42.69,5.25,-21.62,-50.0,20.0,0.21381608243303551,0.911361600341011,-0.6488941138334319,-102.0280527784433,-29.772396589189743,-50.60534083236857,-0.3837,-0.7773,-0.2569,-0.4274,1
1080387.0,169.7725,1.0,4.12,8.29,-3.32,-2.5,-42.69,6.19,-5.31,-29.31,-0.31,-0.1440033362437152,0.4827207580951588,-0.015118868633321014,-102.55778172371147,-29.215470253177052,-49.85865006631149,-0.3872,-0.7802,-0.2522,-0.4215,1
1080387.0,169.7725,1.0,4.12,8.29,-3.32,-2.5,-42.69,6.19,-5.31,-29.31,-0.31,-0.1440033362437152,0.4827207580951588,-0.015118868633321014,-102.55778172371147,-29.215470253177052,-49.85865006631149,-0.3872,-0.7802,-0.2522,-0.4215,1
1080422.0,169.850338,1.0,4.27,8.74,-3.46,-1.75,-43.69,5.25,-3.56,-34.44,3.56,-0.0666169537800112,0.5712109164241892,-0.5016660734635465,-103.34891599443547,-28.576466242295997,-48.912714989693974,-0.3901,-0.7845,-0.2468,-0.414,1
1080422.0,169.850338,1.0,4.27,8.74,-3.46,-1.75,-43.69,5.25,-3.56,-34.44,3.56,-0.0666169537800112,0.5712109164241892,-0.5016660734635465,-103.34891599443547,-28.576466242295997,-48.912714989693974,-0.3901,-0.7845,-0.2468,-0.414,1
1080457.0,169.888299,1.0,3.75,8.42,-3.19,-1.75,-43.69,5.25,9.88,-56.88,-3.88,0.011077074061007552,0.8585176571874069,0.09079570247537383,-104.3897152607669,-28.127341390125167,-47.60685129535254,-0.3921,-0.7901,-0.243,-0.4036,1
1080457.0,169.888299,1.0,3.75,8.42,-3.19,-1.75,-43.69,5.25,9.88,-56.88,-3.88,0.011077074061007552,0.8585176571874069,0.09079570247537383,-104.3897152607669,-28.127341390125167,-47.60685129535254,-0.3921,-0.7901,-0.243,-0.4036,1
1080494.0,169.941201,1.0,3.6,7.81,-2.88,-2.0,-42.5,6.19,26.94,-34.13,3.19,0.37161771454403403,0.7622761776838041,0.7771796222218637,-105.87907721917453,-27.84391108565838,-45.846783043563605,-0.392,-0.798,-0.2406,-0.3895,1
1080494.0,169.941201,1.0,3.6,7.81,-2.88,-2.0,-42.5,6.19,26.94,-34.13,3.19,0.37161771454403403,0.7622761776838041,0.7771796222218637,-105.87907721917453,-27.84391108565838,-45.846783043563605,-0.392,-0.798,-0.2406,-0.3895,1
1080528.0,169.963614,1.0,3.95,8.49,-3.59,-1.37,-43.25,5.69,-18.5,-18.62,9.13,0.07925678086826404,0.6331653380905378,-0.2015226612467611,-106.35575079592319,-27.336531426237315,-45.461363019954995,-0.3925,-0.8005,-0.2363,-0.3864,1
1080528.0,169.963614,1.0,3.95,8.49,-3.59,-1.37,-43.25,5.69,-18.5,-18.62,9.13,0.07925678086826404,0.6331653380905378,-0.2015226612467611,-106.35575079592319,-27.336531426237315,-45.461363019954995,-0.3925,-0.8005,-0.2363,-0.3864,1
1080561.0,169.971466,1.0,4.63,7.98,-4.93,-1.37,-43.25,5.69,2.13,-30.75,0.06,-0.5611052197673625,-0.7399028552296679,-0.6125584486861495,-106.79664141842294,-26.994654003838157,-44.86565121405429,-0.3942,-0.8028,-0.2334,-0.3816,1
1080561.0,169.971466,1.0,4.63,7.98,-4.93,-1.37,-43.25,5.69,2.13,-30.75,0.06,-0.5611052197673625,-0.7399028552296679,-0.6125584486861495,-106.79664141842294,-26.994654003838157,-44.86565121405429,-0.3942,-0.8028,-0.2334,-0.3816,1
1080596.0,169.995172,1.0,3.99,8.06,-3.67,-1.75,-42.75,5.25,3.31,-37.94,-0.37,0.190697138209468,0.3138044914269489,0.10006659786312788,-107.66593345101971,-26.523499645829535,-43.789158700247214,-0.3958,-0.8073,-0.2294,-0.3729,1
1080596.0,169.995172,1.0,3.99,8.06,-3.67,-1.75,-42.75,5.25,3.31,-37.94,-0.37,0.190697138209468,0.3138044914269489,0.10006659786312788,-107.66593345101971,-26.523499645829535,-43.789158700247214,-0.3958,-0.8073,-0.2294,-0.3729,1
1080633.0,170.033261,1.0,3.92,7.85,-3.6,-1.75,-42.75,6.19,-0.06,-5.31,2.0,0.26148075421991357,0.2914887137641169,0.33059796632475447,-108.19186283336568,-26.32339770363258,-43.23394986814831,-0.3954,-0.81,-0.2277,-0.3684,1
1080633.0,170.033261,1.0,3.92,7.85,-3.6,-1.75,-42.75,6.19,-0.06,-5.31,2.0,0.26148075421991357,0.2914887137641169,0.33059796632475447,-108.19186283336568,-26.32339770363258,-43.23394986814831,-0.3954,-0.81,-0.2277,-0.3684,1
1080668.0,170.076737,1.0,3.91,8.05,-3.94,-1.75,-42.75,6.19,5.88,3.56,-0.31,0.008669204883699821,0.262790790825722,0.03193435988320381,-108.211405674282,-26.370473139201327,-43.27093047786308,-0.3948,-0.8101,-0.2281,-0.3687,1
1080668.0,170.076737,1.0,3.91,8.05,-3.94,-1.75,-42.75,6.19,5.88,3.56,-0.31,0.008669204883699821,0.262790790825722,0.03193435988320381,-108.211405674282,-26.370473139201327,-43.27093047786308,-0.3948,-0.8101,-0.2281,-0.3687,1
1080702.0,170.087033,1.0,3.99,7.65,-4.12,-1.37,-42.75,5.25,4.5,4.31,1.5,-0.10124367418864622,-0.077070065293105,0.24627291938897855,-108.27006185000633,-26.53527290705493,-43.35723698802017,-0.3925,-0.8104,-0.2295,-0.3694,1
1080702.0,170.087033,1.0,3.99,7.65,-4.12,-1.37,-42.75,5.25,4.5,4.31,1.5,-0.10124367418864622,-0.077070065293105,0.24627291938897855,-108.27006185000633,-26.53527290705493,-43.35723698802017,-0.3925,-0.8104,-0.2295,-0.3694,1
1080737.0,170.12527,1.0,4.25,7.9,-4.23,-2.5,-43.19,5.69,-2.25,4.75,7.13,-0.02905152654712717,-0.12406443811091095,-0.11046470257360319,-108.28962313901592,-26.42932380663794,-43.529927623269934,-0.3915,-0.8105,-0.2286,-0.3708,1
1080737.0,170.12527,1.0,4.25,7.9,-4.23,-2.5,-43.19,5.69,-2.25,4.75,7.13,-0.02905152654712717,-0.12406443811091095,-0.11046470257360319,-108.28962313901592,-26.42932380663794,-43.529927623269934,-0.3915,-0.8105,-0.2286,-0.3708,1
1080772.0,170.169686,1.0,4.2,8.2,-4.27,-2.0,-43.25,6.5,-1.06,3.69,-1.0,-0.11488920204492992,0.056124393177390486,-0.34699715379375107,-108.07470230594727,-26.370473139201327,-43.76445989390754,-0.3924,-0.8094,-0.2281,-0.3727,1
1080772.0,170.169686,1.0,4.2,8.2,-4.27,-2.0,-43.25,6.5,-1.06,3.69,-1.0,-0.11488920204492992,0.056124393177390486,-0.34699715379375107,-108.07470230594727,-26.370473139201327,-43.76445989390754,-0.3924,-0.8094,-0.2281,-0.3727,1
1080807.0,170.196884,1.0,4.18,8.04,-4.31,-2.0,-43.25,6.5,5.75,-1.56,-1.31,-0.15266549697779253,-0.0377367589253198,-0.22656330297817995,-108.15279095507611,-26.417553105892512,-43.69037629572606,-0.3919,-0.8098,-0.2285,-0.3721,1
1080807.0,170.196884,1.0,4.18,8.04,-4.31,-2.0,-43.25,6.5,5.75,-1.56,-1.31,-0.15266549697779253,-0.0377367589253198,-0.22656330297817995,-108.15279095507611,-26.417553105892512,-43.69037629572606,-0.3919,-0.8098,-0.2285,-0.3721,1
1080844.0,170.235952,1.0,4.17,7.7,-4.23,-1.25,-42.88,6.56,6.63,-7.25,1.37,-0.06597516424806882,-0.16182614973648057,0.08341702043173704,-108.44628015323636,-26.582368805630423,-43.49291375439449,-0.3895,-0.8113,-0.2299,-0.3705,1
1080844.0,170.235952,1.0,4.17,7.7,-4.23,-1.25,-42.88,6.56,6.63,-7.25,1.37,-0.06597516424806882,-0.16182614973648057,0.08341702043173704,-108.44628015323636,-26.582368805630423,-43.49291375439449,-0.3895,-0.8113,-0.2299,-0.3705,1
1080879.0,170.274822,1.0,3.93,7.8,-3.98,-0.56,-42.75,5.69,5.13,-3.69,-0.94,0.01789513923309949,0.1817975201252462,0.21019599731399907,-108.62287531550987,-26.582368805630423,-43.33257535076985,-0.3889,-0.8122,-0.2299,-0.3692,1
1080879.0,170.274822,1.0,3.93,7.8,-3.98,-0.56,-42.75,5.69,5.13,-3.69,-0.94,0.01789513923309949,0.1817975201252462,0.21019599731399907,-108.62287531550987,-26.582368805630423,-43.33257535076985,-0.3889,-0.8122,-0.2299,-0.3692,1
1080911.0,170.31666,1.0,4.13,7.27,-4.03,-0.56,-42.75,5.69,5.13,1.56,5.44,0.07781009343856393,-0.2610290618341682,0.5289073101946276,-108.7801674720705,-26.617693729981983,-43.28325839954606,-0.3873,-0.813,-0.2302,-0.3688,1
1080911.0,170.31666,1.0,4.13,7.27,-4.03,-0.56,-42.75,5.69,5.13,1.56,5.44,0.07781009343856393,-0.2610290618341682,0.5289073101946276,-108.7801674720705,-26.617693729981983,-43.28325839954606,-0.3873,-0.813,-0.2302,-0.3688,1
1080946.0,170.344895,1.0,4.2,7.75,-4.27,-1.37,-42.75,6.19,-5.88,3.63,10.75,-0.06421523794052808,-0.09910539991912237,0.012700106166400715,-108.7801674720705,-26.394012555578172,-43.5175891368055,-0.3866,-0.813,-0.2283,-0.3707,1
1080946.0,170.344895,1.0,4.2,7.75,-4.27,-1.37,-42.75,6.19,-5.88,3.63,10.75,-0.06421523794052808,-0.09910539991912237,0.012700106166400715,-108.7801674720705,-26.394012555578172,-43.5175891368055,-0.3866,-0.813,-0.2283,-0.3707,1
1080983.0,170.384673,1.0,3.98,8.07,-3.9,-2.06,-42.75,6.5,-9.19,6.5,3.56,0.023021304016918265,0.3768823457211752,0.007020939824045058,-108.4070880619203,-26.099850978803428,-43.863267963946384,-0.3895,-0.8111,-0.2258,-0.3735,1
1080983.0,170.384673,1.0,3.98,8.07,-3.9,-2.06,-42.75,6.5,-9.19,6.5,3.56,0.023021304016918265,0.3768823457211752,0.007020939824045058,-108.4070880619203,-26.099850978803428,-43.863267963946384,-0.3895,-0.8111,-0.2258,-0.3735,1
1081018.0,170.421448,1.0,4.08,7.46,-3.88,-2.06,-42.75,6.5,-3.06,14.69,3.81,-0.004128873441329173,-0.04103247755816375,0.4604903989558604,-108.11373745608397,-26.088088169122198,-44.24647435383947,-0.3896,-0.8096,-0.2257,-0.3766,1
1081018.0,170.421448,1.0,4.08,7.46,-3.88,-2.06,-42.75,6.5,-3.06,14.69,3.81,-0.004128873441329173,-0.04103247755816375,0.4604903989558604,-108.11373745608397,-26.088088169122198,-44.24647435383947,-0.3896,-0.8096,-0.2257,-0.3766,1
1081051.0,170.487196,1.0,4.07,7.26,-3.83,-2.0,-42.38,5.38,-12.19,24.94,11.81,-0.1389544606175397,-0.10904430483911287,0.6463988572934518,-107.452610813999,-25.94695623100749,-45.26264916304815,-0.3894,-0.8062,-0.2245,-0.3848,1
1081051.0,170.487196,1.0,4.07,7.26,-3.83,-2.0,-42.38,5.38,-12.19,24.94,11.81,-0.1389544606175397,-0.10904430483911287,0.6463988572934518,-107.452610813999,-25.94695623100749,-45.26264916304815,-0.3894,-0.8062,-0.2245,-0.3848,1
1081088.0,170.496346,1.0,4.07,7.8,-3.56,-2.38,-43.19,5.69,-15.06,20.37,10.06,-0.042318099505273654,0.3330078381100643,0.32161890051426845,-106.77742482625297,-25.700071520307276,-46.12063959224854,-0.3908,-0.8027,-0.2224,-0.3917,1
1081088.0,170.496346,1.0,4.07,7.8,-3.56,-2.38,-43.19,5.69,-15.06,20.37,10.06,-0.042318099505273654,0.3330078381100643,0.32161890051426845,-106.77742482625297,-25.700071520307276,-46.12063959224854,-0.3908,-0.8027,-0.2224,-0.3917,1
1081124.0,170.528025,1.0,4.41,7.44,-3.45,-2.38,-42.38,5.38,-17.31,28.69,14.5,0.03727256705860249,-0.0560172504432177,0.49538409125280936,-105.87907721917453,-25.512050354420897,-47.30643546064212,-0.3918,-0.798,-0.2208,-0.4012,1
1081124.0,170.528025,1.0,4.41,7.44,-3.45,-2.38,-42.38,5.38,-17.31,28.69,14.5,0.03727256705860249,-0.0560172504432177,0.49538409125280936,-105.87907721917453,-25.512050354420897,-47.30643546064212,-0.3918,-0.798,-0.2208,-0.4012,1
1081157.0,170.568161,1.0,4.82,7.94,-3.54,-2.38,-42.38,5.38,-27.44,29.75,18.75,0.010946437989292512,-0.0562076285869213,-0.13338626140186527,-105.04644280430534,-25.159698385030055,-48.47249577682955,-0.3927,-0.7936,-0.2178,-0.4105,1
1081157.0,170.568161,1.0,4.82,7.94,-3.54,-2.38,-42.38,5.38,-27.44,29.75,18.75,0.010946437989292512,-0.0562076285869213,-0.13338626140186527,-105.04644280430534,-25.159698385030055,-48.47249577682955,-0.3927,-0.7936,-0.2178,-0.4105,1
1081194.0,170.613863,1.0,4.57,8.37,-2.87,-3.19,-42.75,4.5,-28.94,35.31,8.13,0.14246318494107912,0.6280688568588916,-0.13135451559468692,-103.70069435268985,-24.74892618800895,-49.9724050156561,-0.3965,-0.7864,-0.2143,-0.4224,1
1081194.0,170.613863,1.0,4.57,8.37,-2.87,-3.19,-42.75,4.5,-28.94,35.31,8.13,0.14246318494107912,0.6280688568588916,-0.13135451559468692,-103.70069435268985,-24.74892618800895,-49.9724050156561,-0.3965,-0.7864,-0.2143,-0.4224,1
1081229.0,170.622799,1.0,4.74,7.33,-3.02,-4.25,-42.38,3.19,-20.44,47.19,6.63,-0.10289218366289932,-0.20369270479084034,0.572754696253261,-102.4479327130834,-24.842788298368426,-51.34162455414572,-0.3979,-0.7796,-0.2151,-0.4332,1
1081229.0,170.622799,1.0,4.74,7.33,-3.02,-4.25,-42.38,3.19,-20.44,47.19,6.63,-0.10289218366289932,-0.20369270479084034,0.572754696253261,-102.4479327130834,-24.842788298368426,-51.34162455414572,-0.3979,-0.7796,-0.2151,-0.4332,1
1081264.0,170.674226,1.0,5.02,8.38,-2.83,-4.25,-42.38,3.19,-40.75,31.56,15.88,-0.14392000159208784,0.265350959637876,-0.35910505810370275,-100.81559788103888,-24.45571546342066,-53.11554927222101,-0.4017,-0.7706,-0.2118,-0.4471,1
1081264.0,170.674226,1.0,5.02,8.38,-2.83,-4.25,-42.38,3.19,-40.75,31.56,15.88,-0.14392000159208784,0.265350959637876,-0.35910505810370275,-100.81559788103888,-24.45571546342066,-53.11554927222101,-0.4017,-0.7706,-0.2118,-0.4471,1
1081298.0,170.688772,1.0,5.1,8.31,-2.61,-4.75,-43.19,2.0,-23.94,33.94,8.0,-0.19463491937798727,0.2246718599978229,-0.2824450933908764,-99.42333079065405,-24.197824520118107,-54.63229852978135,-0.4047,-0.7628,-0.2096,-0.4589,1
1081298.0,170.688772,1.0,5.1,8.31,-2.61,-4.75,-43.19,2.0,-23.94,33.94,8.0,-0.19463491937798727,0.2246718599978229,-0.2824450933908764,-99.42333079065405,-24.197824520118107,-54.63229852978135,-0.4047,-0.7628,-0.2096,-0.4589,1
1081335.0,170.734465,1.0,5.56,7.64,-2.28,-5.06,-42.5,0.37,-19.31,38.31,12.13,0.1616408555729283,-0.36075888769303865,0.0945274071390525,-98.41840599370693,-24.150948661500916,-55.78316856909327,-0.4053,-0.7571,-0.2092,-0.4678,1
1081335.0,170.734465,1.0,5.56,7.64,-2.28,-5.06,-42.5,0.37,-19.31,38.31,12.13,0.1616408555729283,-0.36075888769303865,0.0945274071390525,-98.41840599370693,-24.150948661500916,-55.78316856909327,-0.4053,-0.7571,-0.2092,-0.4678,1
1081370.0,170.793798,1.0,5.42,8.66,-2.2,-5.06,-42.5,0.37,-29.37,28.56,11.69,-0.19899620696368192,0.32860814283314,-0.6367410775225597,-97.1287952916504,-23.506817731301982,-57.10972027162278,-0.4099,-0.7497,-0.2037,-0.478,1
1081370.0,170.793798,1.0,5.42,8.66,-2.2,-5.06,-42.5,0.37,-29.37,28.56,11.69,-0.19899620696368192,0.32860814283314,-0.6367410775225597,-97.1287952916504,-23.506817731301982,-57.10972027162278,-0.4099,-0.7497,-0.2037,-0.478,1
1081405.0,170.820468,1.0,5.2,7.83,-1.85,-5.5,-42.5,-2.06,-14.06,24.25,2.94,-0.04824296325823507,0.1210264845840957,0.22779697855085956,-96.38693481966624,-23.471705166170008,-57.867763106675405,-0.4111,-0.7454,-0.2034,-0.4838,1
1081405.0,170.820468,1.0,5.2,7.83,-1.85,-5.5,-42.5,-2.06,-14.06,24.25,2.94,-0.04824296325823507,0.1210264845840957,0.22779697855085956,-96.38693481966624,-23.471705166170008,-57.867763106675405,-0.4111,-0.7454,-0.2034,-0.4838,1
1081440.0,170.838142,1.0,5.68,7.79,-1.44,-6.56,-42.88,-1.0,-18.25,27.62,8.13,0.336917921805457,-0.09916034145190622,0.06515352663157437,-95.30961142661363,-23.389784532624752,-59.02323151633205,-0.4124,-0.7391,-0.2027,-0.4926,1
1081440.0,170.838142,1.0,5.68,7.79,-1.44,-6.56,-42.88,-1.0,-18.25,27.62,8.13,0.336917921805457,-0.09916034145190622,0.06515352663157437,-95.30961142661363,-23.389784532624752,-59.02323151633205,-0.4124,-0.7391,-0.2027,-0.4926,1
1081477.0,170.876422,1.0,5.91,8.89,-2.06,-5.5,-43.25,-2.56,-21.81,23.37,6.69,-0.4400043921806831,0.08679029063763921,-1.056253091729797,-94.36123915025333,-23.132398374270103,-59.96030828751041,-0.4148,-0.7335,-0.2005,-0.4997,1
1081477.0,170.876422,1.0,5.91,8.89,-2.06,-5.5,-43.25,-2.56,-21.81,23.37,6.69,-0.4400043921806831,0.08679029063763921,-1.056253091729797,-94.36123915025333,-23.132398374270103,-59.96030828751041,-0.4148,-0.7335,-0.2005,-0.4997,1
1081509.0,170.921833,1.0,5.54,8.51,-1.41,-5.5,-43.25,-2.56,-6.19,9.75,-1.5,-0.0463611863902762,0.36587794297629683,-0.4385334522979587,-93.8566544152289,-23.19088479143142,-60.42387417457696,-0.4157,-0.7305,-0.201,-0.5032,1
1081509.0,170.921833,1.0,5.54,8.51,-1.41,-5.5,-43.25,-2.56,-6.19,9.75,-1.5,-0.0463611863902762,0.36587794297629683,-0.4385334522979587,-93.8566544152289,-23.19088479143142,-60.42387417457696,-0.4157,-0.7305,-0.201,-0.5032,1
1081546.0,170.945812,1.0,5.56,8.03,-1.58,-5.5,-42.88,-3.38,-0.56,11.0,1.5,-0.16662290941392,-0.004635237651402613,-0.0859288003245311,-93.57177587141702,-23.34297818708293,-60.7025381110459,-0.4153,-0.7288,-0.2023,-0.5053,1
1081546.0,170.945812,1.0,5.56,8.03,-1.58,-5.5,-42.88,-3.38,-0.56,11.0,1.5,-0.16662290941392,-0.004635237651402613,-0.0859288003245311,-93.57177587141702,-23.34297818708293,-60.7025381110459,-0.4153,-0.7288,-0.2023,-0.5053,1
1081583.0,170.983222,1.0,5.41,7.95,-1.33,-6.25,-42.5,-3.38,-0.44,7.13,2.88,-0.0370713601602497,0.15995786887517083,0.10033560191661728,-93.33773486561994,-23.331277218076686,-61.00819753273681,-0.415,-0.7274,-0.2022,-0.5076,1
1081583.0,170.983222,1.0,5.41,7.95,-1.33,-6.25,-42.5,-3.38,-0.44,7.13,2.88,-0.0370713601602497,0.15995786887517083,0.10033560191661728,-93.33773486561994,-23.331277218076686,-61.00819753273681,-0.415,-0.7274,-0.2022,-0.5076,1
1081616.0,171.021489,1.0,5.57,8.22,-1.33,-6.25,-42.5,-3.38,-4.25,6.38,-2.56,-0.03588750869683155,0.1783227777292753,-0.20979213649050443,-93.12086388400517,-23.37808257553645,-61.15455226396579,-0.4158,-0.7261,-0.2026,-0.5087,1
1081616.0,171.021489,1.0,5.57,8.22,-1.33,-6.25,-42.5,-3.38,-4.25,6.38,-2.56,-0.03588750869683155,0.1783227777292753,-0.20979213649050443,-93.12086388400517,-23.37808257553645,-61.15455226396579,-0.4158,-0.7261,-0.2026,-0.5087,1
1081651.0,171.04301,1.0,5.86,7.92,-1.64,-7.0,-42.5,-3.0,1.75,4.56,-0.37,-0.17794162396027646,-0.332106346672855,-0.17401341246723234,-92.98762003555102,-23.495113294365407,-61.301017524157785,-0.4155,-0.7253,-0.2036,-0.5098,1
1081651.0,171.04301,1.0,5.86,7.92,-1.64,-7.0,-42.5,-3.0,1.75,4.56,-0.37,-0.17794162396027646,-0.332106346672855,-0.17401341246723234,-92.98762003555102,-23.495113294365407,-61.301017524157785,-0.4155,-0.7253,-0.2036,-0.5098,1
1081686.0,171.116851,1.0,5.56,8.24,-1.29,-6.25,-42.5,-3.0,0.06,-1.63,0.5,-0.022172980491198757,0.21121862063710073,-0.21483666881477603,-93.00426658495236,-23.448298031292182,-61.301017524157785,-0.4154,-0.7254,-0.2032,-0.5098,1
1081686.0,171.116851,1.0,5.56,8.24,-1.29,-6.25,-42.5,-3.0,0.06,-1.63,0.5,-0.022172980491198757,0.21121862063710073,-0.21483666881477603,-93.00426658495236,-23.448298031292182,-61.301017524157785,-0.4154,-0.7254,-0.2032,-0.5098,1
1081720.0,171.12039,1.0,5.52,7.66,-1.33,-6.25,-42.5,-3.0,2.94,-1.25,-2.75,0.023338364664369227,-0.107208139390092,0.27235077375461714,-93.10419946060927,-23.553637967860126,-61.22111365086855,-0.4149,-0.726,-0.2041,-0.5092,1
1081720.0,171.12039,1.0,5.52,7.66,-1.33,-6.25,-42.5,-3.0,2.94,-1.25,-2.75,0.023338364664369227,-0.107208139390092,0.27235077375461714,-93.10419946060927,-23.553637967860126,-61.22111365086855,-0.4149,-0.726,-0.2041,-0.5092,1
1081753.0,171.151567,1.0,5.47,7.92,-1.43,-6.25,-42.5,-3.38,0.06,-0.44,0.75,-0.1132527570692865,0.04084922128531698,0.07640307846010508,-93.15420041095278,-23.530227351542678,-61.16786271295341,-0.4149,-0.7263,-0.2039,-0.5088,1
1081753.0,171.151567,1.0,5.47,7.92,-1.43,-6.25,-42.5,-3.38,0.06,-0.44,0.75,-0.1132527570692865,0.04084922128531698,0.07640307846010508,-93.15420041095278,-23.530227351542678,-61.16786271295341,-0.4149,-0.7263,-0.2039,-0.5088,1
1081788.0,171.187155,1.0,5.56,8.25,-1.33,-6.25,-42.88,-4.25,-2.31,-2.56,0.44,-0.028907369713597753,0.2056663180230105,-0.22838192469297347,-93.20422442477208,-23.40148673707778,-61.08801371359054,-0.4156,-0.7266,-0.2028,-0.5082,1
1081788.0,171.187155,1.0,5.56,8.25,-1.33,-6.25,-42.88,-4.25,-2.31,-2.56,0.44,-0.028907369713597753,0.2056663180230105,-0.22838192469297347,-93.20422442477208,-23.40148673707778,-61.08801371359054,-0.4156,-0.7266,-0.2028,-0.5082,1
1081825.0,171.249851,1.0,5.49,8.14,-1.31,-6.25,-42.88,-3.69,-0.37,-2.69,-1.5,-0.01325672668509581,0.19961352683092848,-0.09667159929706237,-93.2709590581106,-23.366380865675165,-60.981599418441434,-0.4159,-0.727,-0.2025,-0.5074,1
1081825.0,171.249851,1.0,5.49,8.14,-1.31,-6.25,-42.88,-3.69,-0.37,-2.69,-1.5,-0.01325672668509581,0.19961352683092848,-0.09667159929706237,-93.2709590581106,-23.366380865675165,-60.981599418441434,-0.4159,-0.727,-0.2025,-0.5074,1
1081858.0,171.272735,1.0,5.34,8.02,-1.36,-6.25,-42.88,-3.69,1.19,-2.81,-0.94,-0.08791730074579363,0.21454975723008862,0.07876025196615011,-93.33773486561994,-23.40148673707778,-60.88853462317394,-0.416,-0.7274,-0.2028,-0.5067,1
1081858.0,171.272735,1.0,5.34,8.02,-1.36,-6.25,-42.88,-3.69,1.19,-2.81,-0.94,-0.08791730074579363,0.21454975723008862,0.07876025196615011,-93.33773486561994,-23.40148673707778,-60.88853462317394,-0.416,-0.7274,-0.2028,-0.5067,1
1081894.0,171.316818,1.0,5.27,7.82,-1.28,-5.88,-43.25,-2.5,3.69,1.81,-1.56,0.003904727591022894,0.17588231403531696,0.29178005003683616,-93.35443526255776,-23.588755762396122,-60.83537468333019,-0.4153,-0.7275,-0.2044,-0.5063,1
1081894.0,171.316818,1.0,5.27,7.82,-1.28,-5.88,-43.25,-2.5,3.69,1.81,-1.56,0.003904727591022894,0.17588231403531696,0.29178005003683616,-93.35443526255776,-23.588755762396122,-60.83537468333019,-0.4153,-0.7275,-0.2044,-0.5063,1
1081929.0,171.325855,1.0,5.57,8.03,-1.37,-5.88,-42.06,-2.5,-3.25,2.19,1.44,0.007248489384345191,0.04167454003069304,-0.061526665023530214,-93.28764914604751,-23.635582985023575,-60.92841409128426,-0.4152,-0.7271,-0.2048,-0.507,1
1081929.0,171.325855,1.0,5.57,8.03,-1.37,-5.88,-42.06,-2.5,-3.25,2.19,1.44,0.007248489384345191,0.04167454003069304,-0.061526665023530214,-93.28764914604751,-23.635582985023575,-60.92841409128426,-0.4152,-0.7271,-0.2048,-0.507,1
1081964.0,171.37314,1.0,5.63,8.03,-1.52,-5.88,-42.06,-2.5,-1.63,-0.25,0.0,-0.115793025395166,-0.05688297323632585,-0.11663354440331553,-93.25427154355759,-23.588755762396122,-60.981599418441434,-0.4152,-0.7269,-0.2044,-0.5074,1
1081964.0,171.37314,1.0,5.63,8.03,-1.52,-5.88,-42.06,-2.5,-1.63,-0.25,0.0,-0.115793025395166,-0.05688297323632585,-0.11663354440331553,-93.25427154355759,-23.588755762396122,-60.981599418441434,-0.4152,-0.7269,-0.2044,-0.5074,1
1081999.0,171.400185,1.0,5.47,8.2,-1.39,-6.56,-42.06,-3.75,0.44,-0.37,-1.56,-0.08502171824423232,0.19758240177370245,-0.14557249057647148,-93.25427154355759,-23.518522416981746,-60.91512002849741,-0.4161,-0.7269,-0.2038,-0.5069,1
1081999.0,171.400185,1.0,5.47,8.2,-1.39,-6.56,-42.06,-3.75,0.44,-0.37,-1.56,-0.08502171824423232,0.19758240177370245,-0.14557249057647148,-93.25427154355759,-23.518522416981746,-60.91512002849741,-0.4161,-0.7269,-0.2038,-0.5069,1
1082036.0,171.435356,1.0,5.47,7.85,-1.33,-5.88,-42.5,-3.38,-1.19,0.25,0.12,0.015591376609912277,0.014421424092299073,0.14684415663531247,-93.22090422842993,-23.56534364989273,-60.90182687258211,-0.4162,-0.7267,-0.2042,-0.5068,1
1082036.0,171.435356,1.0,5.47,7.85,-1.33,-5.88,-42.5,-3.38,-1.19,0.25,0.12,0.015591376609912277,0.014421424092299073,0.14684415663531247,-93.22090422842993,-23.56534364989273,-60.90182687258211,-0.4162,-0.7267,-0.2042,-0.5068,1
1082068.0,171.473729,1.0,5.42,8.08,-1.36,-5.88,-42.5,-3.38,2.25,1.81,-0.94,-0.05940325650536682,0.16433193888141417,-0.01586832612085587,-93.20422442477208,-23.60046219314315,-60.90182687258211,-0.4163,-0.7266,-0.2045,-0.5068,1
1082068.0,171.473729,1.0,5.42,8.08,-1.36,-5.88,-42.5,-3.38,2.25,1.81,-0.94,-0.05940325650536682,0.16433193888141417,-0.01586832612085587,-93.20422442477208,-23.60046219314315,-60.90182687258211,-0.4163,-0.7266,-0.2045,-0.5068,1
1082103.0,171.523727,1.0,5.64,8.11,-1.45,-6.56,-42.06,-3.5,-0.19,1.19,-1.63,-0.053427108995297345,-0.02259982832267715,-0.1773789859246815,-93.17087251757091,-23.65899809735879,-60.88853462317394,-0.4165,-0.7264,-0.205,-0.5067,1
1082103.0,171.523727,1.0,5.64,8.11,-1.45,-6.56,-42.06,-3.5,-0.19,1.19,-1.63,-0.053427108995297345,-0.02259982832267715,-0.1773789859246815,-93.17087251757091,-23.65899809735879,-60.88853462317394,-0.4165,-0.7264,-0.205,-0.5067,1
1082138.0,171.531458,1.0,5.47,7.5,-1.23,-5.88,-42.88,-2.19,2.44,-1.25,1.75,0.16623459735565493,-0.1497362350650453,0.4453602855135088,-93.22090422842993,-23.76437852052494,-60.90182687258211,-0.4153,-0.7267,-0.2059,-0.5068,1
1082138.0,171.531458,1.0,5.47,7.5,-1.23,-5.88,-42.88,-2.19,2.44,-1.25,1.75,0.16623459735565493,-0.1497362350650453,0.4453602855135088,-93.22090422842993,-23.76437852052494,-60.90182687258211,-0.4153,-0.7267,-0.2059,-0.5068,1
1082175.0,171.568446,1.0,5.37,8.18,-1.37,-6.25,-42.88,-3.0,-2.31,0.88,0.56,-0.10339755941965034,0.24789536449389415,-0.0702957239051667,-93.15420041095278,-23.694122645249475,-60.9683017245208,-0.4161,-0.7263,-0.2053,-0.5073,1
1082175.0,171.568446,1.0,5.37,8.18,-1.37,-6.25,-42.88,-3.0,-2.31,0.88,0.56,-0.10339755941965034,0.24789536449389415,-0.0702957239051667,-93.15420041095278,-23.694122645249475,-60.9683017245208,-0.4161,-0.7263,-0.2053,-0.5073,1
1082208.0,171.615767,1.0,5.39,8.05,-1.38,-6.25,-42.88,-3.0,-1.06,2.25,-1.5,-0.09441529230359214,0.14646251445142178,0.022548892364216755,-93.07087828631771,-23.729249451725817,-60.994898021058276,-0.4163,-0.7258,-0.2056,-0.5075,1
1082208.0,171.615767,1.0,5.39,8.05,-1.38,-6.25,-42.88,-3.0,-1.06,2.25,-1.5,-0.09441529230359214,0.14646251445142178,0.022548892364216755,-93.07087828631771,-23.729249451725817,-60.994898021058276,-0.4163,-0.7258,-0.2056,-0.5075,1
1082245.0,171.646067,1.0,5.53,8.01,-1.31,-6.25,-43.25,-2.56,-0.25,1.69,-0.63,0.02588964188178,0.040785665415165706,-0.014488745376723955,-92.98762003555102,-23.834643460050298,-61.06140467738283,-0.4162,-0.7253,-0.2065,-0.508,1
1082245.0,171.646067,1.0,5.53,8.01,-1.31,-6.25,-43.25,-2.56,-0.25,1.69,-0.63,0.02588964188178,0.040785665415165706,-0.014488745376723955,-92.98762003555102,-23.834643460050298,-61.06140467738283,-0.4162,-0.7253,-0.2065,-0.508,1
1082279.0,171.686465,1.0,5.53,8.27,-1.27,-5.5,-42.5,-3.0,-2.63,1.5,0.56,0.020964544642308347,0.2019812800143188,-0.22058611222911928,-92.93769566525509,-23.834643460050298,-61.114626396297396,-0.4163,-0.725,-0.2065,-0.5084,1
1082279.0,171.686465,1.0,5.53,8.27,-1.27,-5.5,-42.5,-3.0,-2.63,1.5,0.56,0.020964544642308347,0.2019812800143188,-0.22058611222911928,-92.93769566525509,-23.834643460050298,-61.114626396297396,-0.4163,-0.725,-0.2065,-0.5084,1
1082312.0,171.701203,1.0,5.48,8.0,-1.34,-5.5,-42.5,-3.0,1.69,0.12,-1.37,-0.024991770414821257,0.04956791453094378,0.01773185583000192,-92.92105929606363,-23.893204521999117,-61.10131959894817,-0.4164,-0.7249,-0.207,-0.5083,1
1082312.0,171.701203,1.0,5.48,8.0,-1.34,-5.5,-42.5,-3.0,1.69,0.12,-1.37,-0.024991770414821257,0.04956791453094378,0.01773185583000192,-92.92105929606363,-23.893204521999117,-61.10131959894817,-0.4164,-0.7249,-0.207,-0.5083,1
1082347.0,171.738418,1.0,5.5,7.87,-1.43,-5.06,-42.06,-3.75,2.63,0.37,-0.75,-0.07763727839461776,-0.07781497349615885,0.09996584510429685,-92.92105929606363,-23.928344197778113,-61.07470873985765,-0.4164,-0.7249,-0.2073,-0.5081,1
1082347.0,171.738418,1.0,5.5,7.87,-1.43,-5.06,-42.06,-3.75,2.63,0.37,-0.75,-0.07763727839461776,-0.07781497349615885,0.09996584510429685,-92.92105929606363,-23.928344197778113,-61.07470873985765,-0.4164,-0.7249,-0.2073,-0.5081,1
1082384.0,171.814851,1.0,5.42,8.09,-1.25,-5.5,-43.25,-3.5,-2.0,-0.44,0.37,0.024559504486078243,0.17296912268101505,-0.009483582696315551,-92.90442546813146,-23.91663071897709,-61.07470873985765,-0.4166,-0.7248,-0.2072,-0.5081,1
1082384.0,171.814851,1.0,5.42,8.09,-1.25,-5.5,-43.25,-3.5,-2.0,-0.44,0.37,0.024559504486078243,0.17296912268101505,-0.009483582696315551,-92.90442546813146,-23.91663071897709,-61.07470873985765,-0.4166,-0.7248,-0.2072,-0.5081,1
1082419.0,171.81805,1.0,5.45,8.04,-1.29,-5.5,-43.25,-3.5,-2.75,0.94,-0.81,0.0014712523738418248,0.0998726205711884,0.008781696380243176,-92.85453921675224,-23.928344197778113,-61.08801371359054,-0.4169,-0.7245,-0.2073,-0.5082,1
1082419.0,171.81805,1.0,5.45,8.04,-1.29,-5.5,-43.25,-3.5,-2.75,0.94,-0.81,0.0014712523738418248,0.0998726205711884,0.008781696380243176,-92.85453921675224,-23.928344197778113,-61.08801371359054,-0.4169,-0.7245,-0.2073,-0.5082,1
1082451.0,171.861684,1.0,5.47,7.99,-1.41,-5.5,-42.5,-2.56,-1.19,1.31,-0.75,-0.10493985755668955,0.0012618950247560434,0.022065898776435944,-92.75483512396401,-23.963486157095847,-61.15455226396579,-0.4171,-0.7239,-0.2076,-0.5087,1
1082451.0,171.861684,1.0,5.47,7.99,-1.41,-5.5,-42.5,-2.56,-1.19,1.31,-0.75,-0.10493985755668955,0.0012618950247560434,0.022065898776435944,-92.75483512396401,-23.963486157095847,-61.15455226396579,-0.4171,-0.7239,-0.2076,-0.5087,1
1082486.0,171.890582,1.0,5.43,8.08,-1.21,-5.06,-42.88,-4.25,0.0,0.75,-1.0,0.04592915594713576,0.15101052244844015,-0.0020444255973135483,-92.72162065181283,-23.963486157095847,-61.15455226396579,-0.4176,-0.7237,-0.2076,-0.5087,1
1082486.0,171.890582,1.0,5.43,8.08,-1.21,-5.06,-42.88,-4.25,0.0,0.75,-1.0,0.04592915594713576,0.15101052244844015,-0.0020444255973135483,-92.72162065181283,-23.963486157095847,-61.15455226396579,-0.4176,-0.7237,-0.2076,-0.5087,1
1082523.0,171.915025,1.0,5.53,8.01,-1.34,-5.06,-42.88,-4.25,-1.19,1.0,-0.19,-0.028430807507236366,-0.015433565905757618,-0.01860081075429676,-92.68841627236291,-23.975200651636385,-61.181174075769505,-0.4177,-0.7235,-0.2077,-0.5089,1
1082523.0,171.915025,1.0,5.53,8.01,-1.34,-5.06,-42.88,-4.25,-1.19,1.0,-0.19,-0.028430807507236366,-0.015433565905757618,-0.01860081075429676,-92.68841627236291,-23.975200651636385,-61.181174075769505,-0.4177,-0.7235,-0.2077,-0.5089,1
1082556.0,171.967743,1.0,5.54,8.1,-1.39,-4.75,-42.5,-2.19,1.31,0.19,0.88,-0.07707238345803713,0.015553982593155657,-0.10432966506508379,-92.65522197363407,-24.127512270969643,-61.27437923360549,-0.4164,-0.7233,-0.209,-0.5096,1
1082556.0,171.967743,1.0,5.54,8.1,-1.39,-4.75,-42.5,-2.19,1.31,0.19,0.88,-0.07707238345803713,0.015553982593155657,-0.10432966506508379,-92.65522197363407,-24.127512270969643,-61.27437923360549,-0.4164,-0.7233,-0.209,-0.5096,1
1082591.0,172.013267,1.0,5.45,7.96,-1.25,-6.25,-42.5,-3.75,1.19,0.44,-1.12,0.03535421111478154,0.05264749023260151,0.07923624702698007,-92.67181786365629,-24.11579445991055,-61.234428672679336,-0.4167,-0.7234,-0.2089,-0.5093,1
1082591.0,172.013267,1.0,5.45,7.96,-1.25,-6.25,-42.5,-3.75,1.19,0.44,-1.12,0.03535421111478154,0.05264749023260151,0.07923624702698007,-92.67181786365629,-24.11579445991055,-61.234428672679336,-0.4167,-0.7234,-0.2089,-0.5093,1
1082628.0,172.03717,1.0,5.54,7.96,-1.28,-5.06,-42.5,-1.75,1.81,-1.5,0.31,0.04862764237913497,-0.02401128858495638,0.024591995141454603,-92.62203774366758,-24.291588578811197,-61.31433804552232,-0.4156,-0.7231,-0.2104,-0.5099,1
1082628.0,172.03717,1.0,5.54,7.96,-1.28,-5.06,-42.5,-1.75,1.81,-1.5,0.31,0.04862764237913497,-0.02401128858495638,0.024591995141454603,-92.62203774366758,-24.291588578811197,-61.31433804552232,-0.4156,-0.7231,-0.2104,-0.5099,1
1082660.0,172.04938,1.0,5.52,8.11,-1.38,-5.06,-42.5,-1.75,-0.94,-1.5,0.37,-0.06539845704518177,0.037290551819520346,-0.09997568469007767,-92.65522197363407,-24.25642512530879,-61.27437923360549,-0.4158,-0.7233,-0.2101,-0.5096,1
1082660.0,172.04938,1.0,5.52,8.11,-1.38,-5.06,-42.5,-1.75,-0.94,-1.5,0.37,-0.06539845704518177,0.037290551819520346,-0.09997568469007767,-92.65522197363407,-24.25642512530879,-61.27437923360549,-0.4158,-0.7233,-0.2101,-0.5096,1
1082697.0,172.112362,1.0,5.42,8.02,-1.43,-5.88,-42.88,-2.56,1.0,-0.56,-0.81,-0.13598270893815512,0.03498610246814349,0.022888725546094335,-92.65522197363407,-24.291588578811197,-61.26106146367893,-0.4159,-0.7233,-0.2104,-0.5095,1
1082697.0,172.112362,1.0,5.42,8.02,-1.43,-5.88,-42.88,-2.56,1.0,-0.56,-0.81,-0.13598270893815512,0.03498610246814349,0.022888725546094335,-92.65522197363407,-24.291588578811197,-61.26106146367893,-0.4159,-0.7233,-0.2104,-0.5095,1
1082732.0,172.146203,1.0,5.45,8.0,-1.35,-5.88,-42.5,-3.5,2.81,-1.0,-0.06,-0.037176540825294424,0.03766060960293749,0.03310409366198286,-92.72162065181283,-24.30331024588106,-61.20779954435891,-0.4156,-0.7237,-0.2105,-0.5091,1
1082732.0,172.146203,1.0,5.45,8.0,-1.35,-5.88,-42.5,-3.5,2.81,-1.0,-0.06,-0.037176540825294424,0.03766060960293749,0.03310409366198286,-92.72162065181283,-24.30331024588106,-61.20779954435891,-0.4156,-0.7237,-0.2105,-0.5091,1
1082765.0,172.170837,1.0,5.44,7.96,-1.31,-5.88,-42.5,-3.5,-0.63,-0.75,0.69,0.007294459004889564,0.03636424957409634,0.07680290807605772,-92.75483512396401,-24.30331024588106,-61.15455226396579,-0.4157,-0.7239,-0.2105,-0.5087,1
1082765.0,172.170837,1.0,5.44,7.96,-1.31,-5.88,-42.5,-3.5,-0.63,-0.75,0.69,0.007294459004889564,0.03636424957409634,0.07680290807605772,-92.75483512396401,-24.30331024588106,-61.15455226396579,-0.4157,-0.7239,-0.2105,-0.5087,1
1082800.0,172.213339,1.0,5.5,7.96,-1.46,-5.88,-42.88,-4.56,0.56,-0.25,-1.12,-0.10413817833664973,-0.06860223954411682,0.02259925541868313,-92.83791553872564,-24.139230338119987,-61.03479928474156,-0.4169,-0.7244,-0.2091,-0.5078,1
1082800.0,172.213339,1.0,5.5,7.96,-1.46,-5.88,-42.88,-4.56,0.56,-0.25,-1.12,-0.10413817833664973,-0.06860223954411682,0.02259925541868313,-92.83791553872564,-24.139230338119987,-61.03479928474156,-0.4169,-0.7244,-0.2091,-0.5078,1
1082836.0,172.24066,1.0,5.52,8.08,-1.41,-5.5,-42.5,-1.75,1.88,-1.44,-0.44,-0.054384036933481816,0.0034120344637309508,-0.07980187792605697,-92.82129439439935,-24.279867169785643,-61.048101525799574,-0.4161,-0.7243,-0.2103,-0.5079,1
1082836.0,172.24066,1.0,5.52,8.08,-1.41,-5.5,-42.5,-1.75,1.88,-1.44,-0.44,-0.054384036933481816,0.0034120344637309508,-0.07980187792605697,-92.82129439439935,-24.279867169785643,-61.048101525799574,-0.4161,-0.7243,-0.2103,-0.5079,1
1082869.0,172.252637,1.0,5.39,8.03,-1.25,-5.5,-42.5,-1.75,0.69,-1.94,-1.69,0.05900180333881444,0.1317949364006168,0.05602700031726471,-92.88779417994405,-24.291588578811197,-60.9683017245208,-0.4161,-0.7247,-0.2104,-0.5073,1
1082869.0,172.252637,1.0,5.39,8.03,-1.25,-5.5,-42.5,-1.75,0.69,-1.94,-1.69,0.05900180333881444,0.1317949364006168,0.05602700031726471,-92.88779417994405,-24.291588578811197,-60.9683017245208,-0.4161,-0.7247,-0.2104,-0.5073,1
