,TIME,ELAPSED_SECONDS,PSTATE,acc_x,acc_y,acc_z,mag_x,mag_y,mag_z,gyr_x,gyr_y,gyr_z,lin_x,lin_y,lin_z,eul_x,eul_y,eul_z,qua_w,qua_x,qua_y,qua_z
0,1104109.0,904.340703,1.0,-1.49,0.49,-9.46,8.75,-17.5,38.38,-4.0,-6.63,-2.19,-0.050571213593930464,1.031063610742637,0.273227194786859,-167.44083871780597,-9.499056247386587,7.878645873813733,0.0216,-0.9940000000000001,-0.0828,0.0687
1,1104109.0,904.340703,1.0,-1.49,0.49,-9.46,8.75,-17.5,38.38,-4.0,-6.63,-2.19,-0.050571213593930464,1.031063610742637,0.273227194786859,-167.44083871780597,-9.499056247386587,7.878645873813733,0.0216,-0.9940000000000001,-0.0828,0.0687
2,1104144.0,904.3907710000001,1.0,-1.55,-0.06,-9.53,9.19,-17.87,38.0,5.31,-4.5,-8.56,-0.16836425385054754,0.5369751021739146,0.16765050743487994,-167.13036680379562,-9.786552516199244,7.970538771598189,0.0233,-0.9937,-0.0853,0.0695
3,1104144.0,904.3907710000001,1.0,-1.55,-0.06,-9.53,9.19,-17.87,38.0,5.31,-4.5,-8.56,-0.16836425385054754,0.5369751021739146,0.16765050743487994,-167.13036680379562,-9.786552516199244,7.970538771598189,0.0233,-0.9937,-0.0853,0.0695
4,1104181.0,904.4207460000001,1.0,-1.65,-0.95,-9.23,8.75,-18.25,38.75,11.94,0.31,-14.94,-0.4434599759561952,-0.2579492892775417,0.3962990281240781,-166.62885834304856,-10.292697102933527,8.039461810968866,0.0268,-0.9932,-0.0897,0.0701
5,1104181.0,904.4207460000001,1.0,-1.65,-0.95,-9.23,8.75,-18.25,38.75,11.94,0.31,-14.94,-0.4434599759561952,-0.2579492892775417,0.3962990281240781,-166.62885834304856,-10.292697102933527,8.039461810968866,0.0268,-0.9932,-0.0897,0.0701
6,1104216.0,904.4570039999999,1.0,-1.72,-1.78,-9.85,8.75,-18.25,38.75,3.0,-4.81,-9.44,-0.5643010794580376,-0.9904515721873596,-0.28541965765071003,-166.24074892993926,-10.62640189942489,8.073924421552888,0.0287,-0.9928,-0.0926,0.0704
7,1104216.0,904.4570039999999,1.0,-1.72,-1.78,-9.85,8.75,-18.25,38.75,3.0,-4.81,-9.44,-0.5643010794580376,-0.9904515721873596,-0.28541965765071003,-166.24074892993926,-10.62640189942489,8.073924421552888,0.0287,-0.9928,-0.0926,0.0704
8,1104248.0,904.497034,1.0,-1.84,-1.62,-9.42,9.56,-17.87,38.25,-1.25,-7.5,-3.25,-0.6740005978506377,-0.8394488513177065,0.13258938306574564,-165.86324083896642,-10.868106466869214,8.349651905481078,0.0281,-0.9924,-0.0947,0.0728
9,1104248.0,904.497034,1.0,-1.84,-1.62,-9.42,9.56,-17.87,38.25,-1.25,-7.5,-3.25,-0.6740005978506377,-0.8394488513177065,0.13258938306574564,-165.86324083896642,-10.868106466869214,8.349651905481078,0.0281,-0.9924,-0.0947,0.0728
10,1104285.0,904.5413789999999,1.0,-1.7,-1.11,-9.3,9.19,-16.75,39.56,-2.0,5.25,0.75,-0.4763794269489514,-0.37743563315365797,0.3070339559482349,-165.95667115359868,-10.879617409371033,8.269226458088282,0.0277,-0.9925,-0.0948,0.0721
11,1104285.0,904.5413789999999,1.0,-1.7,-1.11,-9.3,9.19,-16.75,39.56,-2.0,5.25,0.75,-0.4763794269489514,-0.37743563315365797,0.3070339559482349,-165.95667115359868,-10.879617409371033,8.269226458088282,0.0277,-0.9925,-0.0948,0.0721
12,1104320.0,904.551988,1.0,-1.41,-0.88,-10.2,9.19,-16.75,39.56,-2.38,5.63,2.63,-0.058214647833366724,-0.17837307811893602,-0.5261760461395575,-166.14541230093116,-10.787532942523713,8.050949266749551,0.0272,-0.9927,-0.094,0.0702
13,1104320.0,904.551988,1.0,-1.41,-0.88,-10.2,9.19,-16.75,39.56,-2.38,5.63,2.63,-0.058214647833366724,-0.17837307811893602,-0.5261760461395575,-166.14541230093116,-10.787532942523713,8.050949266749551,0.0272,-0.9927,-0.094,0.0702
14,1104355.0,904.597742,1.0,-1.45,-0.36,-9.91,9.56,-18.25,40.0,-3.69,-5.63,0.69,-0.03064765645845413,0.29722049195951816,-0.21088066879822165,-166.14541230093116,-10.718474180434589,8.142851840335263,0.0258,-0.9927,-0.0934,0.071
15,1104355.0,904.597742,1.0,-1.45,-0.36,-9.91,9.56,-18.25,40.0,-3.69,-5.63,0.69,-0.03064765645845413,0.29722049195951816,-0.21088066879822165,-166.14541230093116,-10.718474180434589,8.142851840335263,0.0258,-0.9927,-0.0934,0.071
16,1104390.0,904.620524,1.0,-1.81,-0.21,-8.99,10.25,-17.5,38.0,-5.13,-6.44,-0.88,-0.4552892535137485,0.4594803503680624,0.6566833605383788,-165.86324083896642,-10.960197096754332,8.349651905481078,0.0247,-0.9924,-0.0955,0.0728
17,1104390.0,904.620524,1.0,-1.81,-0.21,-8.99,10.25,-17.5,38.0,-5.13,-6.44,-0.88,-0.4552892535137485,0.4594803503680624,0.6566833605383788,-165.86324083896642,-10.960197096754332,8.349651905481078,0.0247,-0.9924,-0.0955,0.0728
18,1104427.0,904.660369,1.0,-1.46,-0.33,-10.05,9.19,-17.5,38.75,3.19,5.25,-4.38,-0.0004707810262939427,0.3268369346103639,-0.3489483278455729,-165.86324083896642,-11.052294827398207,8.22327089407658,0.0253,-0.9924,-0.0963,0.0717
19,1104427.0,904.660369,1.0,-1.46,-0.33,-10.05,9.19,-17.5,38.75,3.19,5.25,-4.38,-0.0004707810262939427,0.3268369346103639,-0.3489483278455729,-165.86324083896642,-11.052294827398207,8.22327089407658,0.0253,-0.9924,-0.0963,0.0717
20,1104459.0,904.7020210000001,1.0,-1.47,-0.48,-10.3,9.19,-17.5,38.75,-0.5,-3.06,-7.0,0.01088038157477367,0.19302802183617476,-0.6069911403544577,-165.6781993872616,-11.30560069930953,8.292204739238791,0.0253,-0.9922,-0.0985,0.0723
21,1104459.0,904.7020210000001,1.0,-1.47,-0.48,-10.3,9.19,-17.5,38.75,-0.5,-3.06,-7.0,0.01088038157477367,0.19302802183617476,-0.6069911403544577,-165.6781993872616,-11.30560069930953,8.292204739238791,0.0253,-0.9922,-0.0985,0.0723
22,1104496.0,904.7436119999999,1.0,-1.88,0.03,-9.14,9.88,-18.25,39.19,-9.31,-13.56,-7.38,-0.40935359224794,0.7078614893518952,0.5111531467701411,-165.31507383873742,-11.524409426521867,8.61393617408195,0.024,-0.9918,-0.1004,0.0751
23,1104496.0,904.7436119999999,1.0,-1.88,0.03,-9.14,9.88,-18.25,39.19,-9.31,-13.56,-7.38,-0.40935359224794,0.7078614893518952,0.5111531467701411,-165.31507383873742,-11.524409426521867,8.61393617408195,0.024,-0.9918,-0.1004,0.0751
24,1104533.0,904.775738,1.0,-1.89,-1.74,-9.0,9.88,-17.87,39.69,9.25,1.69,-12.38,-0.7598008201459869,-0.9864998444488646,0.5303780780149729,-164.78654130633294,-12.00824269100582,8.820799294692952,0.0257,-0.9912,-0.1046,0.0769
25,1104533.0,904.775738,1.0,-1.89,-1.74,-9.0,9.88,-17.87,39.69,9.25,1.69,-12.38,-0.7598008201459869,-0.9864998444488646,0.5303780780149729,-164.78654130633294,-12.00824269100582,8.820799294692952,0.0257,-0.9912,-0.1046,0.0769
26,1104566.0,904.8115130000001,1.0,-1.77,-1.66,-9.33,9.88,-17.87,39.69,2.38,2.75,-8.0,-0.5971870736474251,-0.9061615516874242,0.2275248394588836,-164.61437509688025,-12.296340166976414,8.717364176475899,0.0261,-0.991,-0.1071,0.076
27,1104566.0,904.8115130000001,1.0,-1.77,-1.66,-9.33,9.88,-17.87,39.69,2.38,2.75,-8.0,-0.5971870736474251,-0.9061615516874242,0.2275248394588836,-164.61437509688025,-12.296340166976414,8.717364176475899,0.0261,-0.991,-0.1071,0.076
28,1104601.0,904.8246740000001,1.0,-1.66,-1.53,-9.76,10.69,-17.87,38.0,-0.75,2.75,-4.13,-0.4145639377174881,-0.7656327675508198,-0.17313172140035604,-164.44410289964102,-12.526874248925028,8.625427825614647,0.0269,-0.9908,-0.1091,0.0752
29,1104601.0,904.8246740000001,1.0,-1.66,-1.53,-9.76,10.69,-17.87,38.0,-0.75,2.75,-4.13,-0.4145639377174881,-0.7656327675508198,-0.17313172140035604,-164.44410289964102,-12.526874248925028,8.625427825614647,0.0269,-0.9908,-0.1091,0.0752
30,1104635.0,904.8947310000001,1.0,-1.55,-1.08,-9.58,10.69,-17.5,38.25,-2.75,1.37,1.81,-0.2318127373205201,-0.34456602642677797,0.050993327676582816,-164.35965769726891,-12.561458728935325,8.671395302011161,0.0276,-0.9907,-0.1094,0.0756
31,1104635.0,904.8947310000001,1.0,-1.55,-1.08,-9.58,10.69,-17.5,38.25,-2.75,1.37,1.81,-0.2318127373205201,-0.34456602642677797,0.050993327676582816,-164.35965769726891,-12.561458728935325,8.671395302011161,0.0276,-0.9907,-0.1094,0.0756
32,1104672.0,904.900583,1.0,-1.39,-0.88,-9.81,10.69,-16.75,38.25,-1.81,1.81,5.31,-0.013124730168406984,-0.19990048867362065,-0.13832197261440626,-164.52900617164656,-12.469235993000286,8.602444609340731,0.0264,-0.9909,-0.1086,0.075
33,1104672.0,904.900583,1.0,-1.39,-0.88,-9.81,10.69,-16.75,38.25,-1.81,1.81,5.31,-0.013124730168406984,-0.19990048867362065,-0.13832197261440626,-164.52900617164656,-12.469235993000286,8.602444609340731,0.0264,-0.9909,-0.1086,0.075
34,1104707.0,904.930408,1.0,-1.3,-0.68,-10.01,10.69,-16.75,38.25,-0.31,3.69,0.69,0.13170958823934187,-0.028711123335064218,-0.3093931125891647,-164.61437509688025,-12.400074265032766,8.522006076442151,0.0258,-0.991,-0.10800000000000001,0.0743
35,1104707.0,904.930408,1.0,-1.3,-0.68,-10.01,10.69,-16.75,38.25,-0.31,3.69,0.69,0.13170958823934187,-0.028711123335064218,-0.3093931125891647,-164.61437509688025,-12.400074265032766,8.522006076442151,0.0258,-0.991,-0.10800000000000001,0.0743
36,1104744.0,904.96962,1.0,-1.39,-0.68,-9.75,9.56,-17.87,37.75,-1.0,-1.12,0.81,0.005189918449660991,-0.019002137343854683,-0.06536154697070096,-164.70021747025422,-12.342442956629045,8.522006076442151,0.0258,-0.9911,-0.1075,0.0743
37,1104744.0,904.96962,1.0,-1.39,-0.68,-9.75,9.56,-17.87,37.75,-1.0,-1.12,0.81,0.005189918449660991,-0.019002137343854683,-0.06536154697070096,-164.70021747025422,-12.342442956629045,8.522006076442151,0.0258,-0.9911,-0.1075,0.0743
38,1104779.0,905.0066539999999,1.0,-1.58,-0.73,-9.53,9.19,-17.5,39.19,-1.69,-2.31,0.56,-0.2112252380269949,-0.04222921600286045,0.12141378232640855,-164.70021747025422,-12.284814782039538,8.590953131273462,0.0255,-0.9911,-0.107,0.0749
39,1104779.0,905.0066539999999,1.0,-1.58,-0.73,-9.53,9.19,-17.5,39.19,-1.69,-2.31,0.56,-0.2112252380269949,-0.04222921600286045,0.12141378232640855,-164.70021747025422,-12.284814782039538,8.590953131273462,0.0255,-0.9911,-0.107,0.0749
40,1104812.0,905.0502210000001,1.0,-1.62,-0.77,-9.82,9.19,-17.5,39.19,0.5,-1.5,0.25,-0.20007332023434896,-0.06824267402868821,-0.1735811398069238,-164.70021747025422,-12.273289521851867,8.671395302011161,0.0253,-0.9911,-0.1069,0.0756
41,1104812.0,905.0502210000001,1.0,-1.62,-0.77,-9.82,9.19,-17.5,39.19,0.5,-1.5,0.25,-0.20007332023434896,-0.06824267402868821,-0.1735811398069238,-164.70021747025422,-12.273289521851867,8.671395302011161,0.0253,-0.9911,-0.1069,0.0756
42,1104846.0,905.0801939999999,1.0,-1.7,-0.77,-9.52,9.19,-17.5,38.0,-0.75,1.56,0.75,-0.3198185257048,-0.06243410259880236,0.11092320447566097,-164.70021747025422,-12.227189726180756,8.69437956401469,0.0253,-0.9911,-0.1065,0.0758
43,1104846.0,905.0801939999999,1.0,-1.7,-0.77,-9.52,9.19,-17.5,38.0,-0.75,1.56,0.75,-0.3198185257048,-0.06243410259880236,0.11092320447566097,-164.70021747025422,-12.227189726180756,8.69437956401469,0.0253,-0.9911,-0.1065,0.0758
44,1104883.0,905.1176820000001,1.0,-1.71,-1.01,-9.7,10.25,-17.5,40.06,1.63,-1.06,0.81,-0.3566533201590971,-0.2838754614679397,-0.08407358988946001,-164.70021747025422,-12.227189726180756,8.659903302137069,0.0255,-0.9911,-0.1065,0.0755
45,1104883.0,905.1176820000001,1.0,-1.71,-1.01,-9.7,10.25,-17.5,40.06,1.63,-1.06,0.81,-0.3566533201590971,-0.2838754614679397,-0.08407358988946001,-164.70021747025422,-12.227189726180756,8.659903302137069,0.0255,-0.9911,-0.1065,0.0755
46,1104918.0,905.190435,1.0,-1.69,-0.92,-9.57,10.25,-17.5,40.06,-1.69,-0.37,2.94,-0.32474467724552536,-0.20518017782071665,0.05268455054150145,-164.70021747025422,-12.181091916848366,8.740349140335567,0.0256,-0.9911,-0.1061,0.0762
47,1104918.0,905.190435,1.0,-1.69,-0.92,-9.57,10.25,-17.5,40.06,-1.69,-0.37,2.94,-0.32474467724552536,-0.20518017782071665,0.05268455054150145,-164.70021747025422,-12.181091916848366,8.740349140335567,0.0256,-0.9911,-0.1061,0.0762
48,1104953.0,905.198023,1.0,-1.5,-0.53,-9.74,10.25,-17.19,39.56,-2.0,2.56,1.25,-0.03726512289477735,0.11053381563225914,-0.061728467925592063,-164.78654130633294,-12.123472436717575,8.740349140335567,0.0241,-0.9912,-0.1056,0.0762
49,1104953.0,905.198023,1.0,-1.5,-0.53,-9.74,10.25,-17.19,39.56,-2.0,2.56,1.25,-0.03726512289477735,0.11053381563225914,-0.061728467925592063,-164.78654130633294,-12.123472436717575,8.740349140335567,0.0241,-0.9912,-0.1056,0.0762
50,1104988.0,905.247247,1.0,-1.49,-0.71,-9.87,10.69,-18.25,39.56,-1.75,3.38,1.63,-0.059949637141548,-0.060120396036705014,-0.20004233957889814,-164.87335484809628,-12.088902226339815,8.648411389524659,0.0242,-0.9913,-0.1053,0.0754
51,1104988.0,905.247247,1.0,-1.49,-0.71,-9.87,10.69,-18.25,39.56,-1.75,3.38,1.63,-0.059949637141548,-0.060120396036705014,-0.20004233957889814,-164.87335484809628,-12.088902226339815,8.648411389524659,0.0242,-0.9913,-0.1053,0.0754
52,1105025.0,905.254357,1.0,-1.57,-0.5,-9.58,9.56,-18.69,39.19,1.56,2.13,-0.5,-0.14967669495340008,0.12613295712304898,0.08795732227244635,-164.96066657615674,-12.06585603312212,8.602444609340731,0.0228,-0.9914,-0.1051,0.075
53,1105025.0,905.254357,1.0,-1.57,-0.5,-9.58,9.56,-18.69,39.19,1.56,2.13,-0.5,-0.14967669495340008,0.12613295712304898,0.08795732227244635,-164.96066657615674,-12.06585603312212,8.602444609340731,0.0228,-0.9914,-0.1051,0.075
54,1105059.0,905.29261,1.0,-1.7,-0.73,-9.71,9.56,-18.69,39.19,-3.69,-0.88,1.94,-0.3041343204234118,-0.066118505201376,-0.07313393784047051,-165.04848521846108,-12.00824269100582,8.590953131273462,0.0229,-0.9915,-0.1046,0.0749
55,1105059.0,905.29261,1.0,-1.7,-0.73,-9.71,9.56,-18.69,39.19,-3.69,-0.88,1.94,-0.3041343204234118,-0.066118505201376,-0.07313393784047051,-165.04848521846108,-12.00824269100582,8.590953131273462,0.0229,-0.9915,-0.1046,0.0749
56,1105096.0,905.3250419999999,1.0,-1.75,-0.5,-9.41,9.56,-17.87,37.88,-5.56,-1.06,2.63,-0.3464157766868392,0.13311307086376062,0.2294438823460769,-165.04848521846108,-11.916067673936475,8.636919564056372,0.0216,-0.9915,-0.1038,0.0753
57,1105096.0,905.3250419999999,1.0,-1.75,-0.5,-9.41,9.56,-17.87,37.88,-5.56,-1.06,2.63,-0.3464157766868392,0.13311307086376062,0.2294438823460769,-165.04848521846108,-11.916067673936475,8.636919564056372,0.0216,-0.9915,-0.1038,0.0753
58,1105131.0,905.3619470000001,1.0,-1.64,-0.67,-9.7,10.25,-17.87,38.75,1.56,4.5,1.06,-0.24894552105371226,-0.043069548481468566,-0.0505641673771553,-165.13681976050614,-11.869983070722633,8.522006076442151,0.0218,-0.9916,-0.1034,0.0743
59,1105131.0,905.3619470000001,1.0,-1.64,-0.67,-9.7,10.25,-17.87,38.75,1.56,4.5,1.06,-0.24894552105371226,-0.043069548481468566,-0.0505641673771553,-165.13681976050614,-11.869983070722633,8.522006076442151,0.0218,-0.9916,-0.1034,0.0743
60,1105166.0,905.400361,1.0,-1.65,-0.77,-9.57,10.25,-17.87,38.75,-0.81,0.19,0.69,-0.30700930624555844,-0.14994421898565058,0.07096502065358479,-165.2256794561049,-11.835420883076136,8.476043091817116,0.0214,-0.9917,-0.1031,0.0739
61,1105166.0,905.400361,1.0,-1.65,-0.77,-9.57,10.25,-17.87,38.75,-0.81,0.19,0.69,-0.30700930624555844,-0.14994421898565058,0.07096502065358479,-165.2256794561049,-11.835420883076136,8.476043091817116,0.0214,-0.9917,-0.1031,0.0739
62,1105199.0,905.4314189999999,1.0,-1.61,-0.55,-9.58,9.88,-17.5,38.0,-3.19,0.81,2.06,-0.2193937368395107,0.04786890940383981,0.0793392228248333,-165.31507383873742,-11.766299745968876,8.499024412896564,0.021,-0.9918,-0.1025,0.0741
63,1105199.0,905.4314189999999,1.0,-1.61,-0.55,-9.58,9.88,-17.5,38.0,-3.19,0.81,2.06,-0.2193937368395107,0.04786890940383981,0.0793392228248333,-165.31507383873742,-11.766299745968876,8.499024412896564,0.021,-0.9918,-0.1025,0.0741
64,1105235.0,905.495425,1.0,-1.5,-0.49,-9.81,9.88,-18.25,39.19,-3.81,0.56,1.56,-0.07136675120462965,0.07591188221147152,-0.12890958026329002,-165.31507383873742,-11.720221376139571,8.476043091817116,0.0203,-0.9918,-0.1021,0.0739
65,1105235.0,905.495425,1.0,-1.5,-0.49,-9.81,9.88,-18.25,39.19,-3.81,0.56,1.56,-0.07136675120462965,0.07591188221147152,-0.12890958026329002,-165.31507383873742,-11.720221376139571,8.476043091817116,0.0203,-0.9918,-0.1021,0.0739
66,1105268.0,905.5004859999999,1.0,-1.55,-0.63,-9.67,9.88,-18.25,39.19,0.63,-1.31,0.56,-0.16722124553571993,-0.05856788888458316,-0.005429639782438045,-165.31507383873742,-11.708702081111404,8.487533709607298,0.0201,-0.9918,-0.102,0.07400000000000001
67,1105268.0,905.5004859999999,1.0,-1.55,-0.63,-9.67,9.88,-18.25,39.19,0.63,-1.31,0.56,-0.16722124553571993,-0.05856788888458316,-0.005429639782438045,-165.31507383873742,-11.708702081111404,8.487533709607298,0.0201,-0.9918,-0.102,0.07400000000000001
68,1105303.0,905.543774,1.0,-1.57,-0.75,-9.88,9.88,-18.25,38.25,-3.19,-3.31,2.81,-0.15967164125850708,-0.17936655054121248,-0.222514103130667,-165.31507383873742,-11.662626087112969,8.602444609340731,0.0196,-0.9918,-0.1016,0.075
69,1105303.0,905.543774,1.0,-1.57,-0.75,-9.88,9.88,-18.25,38.25,-3.19,-3.31,2.81,-0.15967164125850708,-0.17936655054121248,-0.222514103130667,-165.31507383873742,-11.662626087112969,8.602444609340731,0.0196,-0.9918,-0.1016,0.075
70,1105338.0,905.570331,1.0,-1.55,-0.54,-9.66,9.88,-18.25,40.0,-1.56,-0.37,2.69,-0.12723209045766834,0.0051211428421151645,0.009023462462771192,-165.4050127335264,-11.570479767497385,8.636919564056372,0.0191,-0.9919,-0.1008,0.0753
71,1105338.0,905.570331,1.0,-1.55,-0.54,-9.66,9.88,-18.25,40.0,-1.56,-0.37,2.69,-0.12723209045766834,0.0051211428421151645,0.009023462462771192,-165.4050127335264,-11.570479767497385,8.636919564056372,0.0191,-0.9919,-0.1008,0.0753
72,1105375.0,905.60693,1.0,-1.56,-0.79,-9.96,10.25,-19.0,38.69,-2.06,-4.75,3.44,-0.1246208352911634,-0.2436676487142859,-0.3019797649276565,-165.4050127335264,-11.489857897732715,8.72885661442212,0.0186,-0.9919,-0.1001,0.0761
73,1105375.0,905.60693,1.0,-1.56,-0.79,-9.96,10.25,-19.0,38.69,-2.06,-4.75,3.44,-0.1246208352911634,-0.2436676487142859,-0.3019797649276565,-165.4050127335264,-11.489857897732715,8.72885661442212,0.0186,-0.9919,-0.1001,0.0761
74,1105408.0,905.652865,1.0,-1.74,-0.56,-9.45,10.25,-19.0,38.69,0.44,-0.44,2.25,-0.32286398151673845,-0.012778233461742228,0.18691530687105207,-165.4050127335264,-11.420757981123572,8.797813093528106,0.0177,-0.9919,-0.0995,0.0767
75,1105408.0,905.652865,1.0,-1.74,-0.56,-9.45,10.25,-19.0,38.69,0.44,-0.44,2.25,-0.32286398151673845,-0.012778233461742228,0.18691530687105207,-165.4050127335264,-11.420757981123572,8.797813093528106,0.0177,-0.9919,-0.0995,0.0767
76,1105444.0,905.692592,1.0,-1.69,-0.67,-9.53,10.69,-18.25,39.19,-1.19,3.44,2.81,-0.29107550550229844,-0.1313745924829885,0.11005700211943292,-165.49550626988113,-11.351662230904264,8.751841754333862,0.0176,-0.992,-0.0989,0.0763
77,1105444.0,905.692592,1.0,-1.69,-0.67,-9.53,10.69,-18.25,39.19,-1.19,3.44,2.81,-0.29107550550229844,-0.1313745924829885,0.11005700211943292,-165.49550626988113,-11.351662230904264,8.751841754333862,0.0176,-0.992,-0.0989,0.0763
78,1105479.0,905.718084,1.0,-1.61,-0.54,-9.55,9.56,-18.19,39.19,-3.44,4.81,3.38,-0.20338407881204199,-0.02704668279461102,0.10901609303920877,-165.6781993872616,-11.259541000283244,8.648411389524659,0.0172,-0.9922,-0.0981,0.0754
79,1105479.0,905.718084,1.0,-1.61,-0.54,-9.55,9.56,-18.19,39.19,-3.44,4.81,3.38,-0.20338407881204199,-0.02704668279461102,0.10901609303920877,-165.6781993872616,-11.259541000283244,8.648411389524659,0.0172,-0.9922,-0.0981,0.0754
80,1105514.0,905.792152,1.0,-1.6,-0.78,-9.65,9.56,-18.19,39.19,-0.94,6.56,3.56,-0.25345552045420616,-0.2630323648438577,0.0006582462712660941,-165.86324083896642,-11.167427069301608,8.476043091817116,0.0171,-0.9924,-0.0973,0.0739
81,1105514.0,905.792152,1.0,-1.6,-0.78,-9.65,9.56,-18.19,39.19,-0.94,6.56,3.56,-0.25345552045420616,-0.2630323648438577,0.0006582462712660941,-165.86324083896642,-11.167427069301608,8.476043091817116,0.0171,-0.9924,-0.0973,0.0739
82,1105549.0,905.796734,1.0,-1.52,-0.47,-9.46,9.19,-18.25,38.0,-6.69,13.25,6.06,-0.18698145770882046,0.0061434884843927645,0.21561772020746692,-166.14541230093116,-11.029269725697887,8.23475966058657,0.0162,-0.9927,-0.0961,0.0718
83,1105549.0,905.796734,1.0,-1.52,-0.47,-9.46,9.19,-18.25,38.0,-6.69,13.25,6.06,-0.18698145770882046,0.0061434884843927645,0.21561772020746692,-166.14541230093116,-11.029269725697887,8.23475966058657,0.0162,-0.9927,-0.0961,0.0718
84,1105586.0,905.8261150000001,1.0,-1.36,-0.44,-10.14,9.56,-18.69,39.19,-2.0,7.69,3.06,-0.01255561619836254,0.0007640057718442812,-0.4335961773532127,-166.53078742603913,-10.868106466869214,7.763786880218299,0.0151,-0.9931,-0.0947,0.0677
85,1105586.0,905.8261150000001,1.0,-1.36,-0.44,-10.14,9.56,-18.69,39.19,-2.0,7.69,3.06,-0.01255561619836254,0.0007640057718442812,-0.4335961773532127,-166.53078742603913,-10.868106466869214,7.763786880218299,0.0151,-0.9931,-0.0947,0.0677
86,1105620.0,905.8646470000001,1.0,-1.52,-0.57,-8.92,9.56,-18.69,39.19,-7.56,11.44,5.25,-0.4029823086525957,-0.13503833795160228,0.7501015456385769,-166.72765058183754,-10.764512919793646,7.499640647274437,0.013999999999999999,-0.9933,-0.0938,0.0654
87,1105620.0,905.8646470000001,1.0,-1.52,-0.57,-8.92,9.56,-18.69,39.19,-7.56,11.44,5.25,-0.4029823086525957,-0.13503833795160228,0.7501015456385769,-166.72765058183754,-10.764512919793646,7.499640647274437,0.013999999999999999,-0.9933,-0.0938,0.0654
88,1105655.0,905.900881,1.0,-1.69,-0.54,-8.27,8.38,-18.69,37.06,-5.19,43.44,8.63,-0.8173025285365177,-0.09917425672261684,1.3886466118056615,-167.65213833847682,-10.51132121524803,6.3631010384043885,0.0125,-0.9942,-0.0916,0.0555
89,1105655.0,905.900881,1.0,-1.69,-0.54,-8.27,8.38,-18.69,37.06,-5.19,43.44,8.63,-0.8173025285365177,-0.09917425672261684,1.3886466118056615,-167.65213833847682,-10.51132121524803,6.3631010384043885,0.0125,-0.9942,-0.0916,0.0555
90,1105690.0,905.9459509999999,1.0,-1.05,-0.36,-8.34,7.69,-18.69,37.5,-24.81,94.31,12.31,-0.6355011247774305,-0.0864072424792581,1.4175873521916191,-169.4938307856925,-10.005090889774307,3.094348134689141,0.0075,-0.9958,-0.0872,0.027000000000000003
91,1105690.0,905.9459509999999,1.0,-1.05,-0.36,-8.34,7.69,-18.69,37.5,-24.81,94.31,12.31,-0.6355011247774305,-0.0864072424792581,1.4175873521916191,-169.4938307856925,-10.005090889774307,3.094348134689141,0.0075,-0.9958,-0.0872,0.027000000000000003
92,1105727.0,905.975439,1.0,0.05,-0.05,-10.76,5.75,-18.69,38.69,-2.44,70.87,6.63,0.17112115276262269,0.05228880323544025,-0.9520945100315236,-170.40978378389514,-9.637046865121436,0.6417160846123932,0.0056,-0.9965,-0.084,0.0056
93,1105727.0,905.975439,1.0,0.05,-0.05,-10.76,5.75,-18.69,38.69,-2.44,70.87,6.63,0.17112115276262269,0.05228880323544025,-0.9520945100315236,-170.40978378389514,-9.637046865121436,0.6417160846123932,0.0056,-0.9965,-0.084,0.0056
94,1105760.0,905.995508,1.0,0.04,-0.18,-9.59,5.75,-18.69,38.69,-14.94,61.44,5.13,-0.2793290350222049,-0.07562913430461604,0.21924391053878975,-170.40978378389514,-9.407070184120801,-1.7762402933693409,0.0044,-0.9965,-0.08199999999999999,-0.0155
95,1105760.0,905.995508,1.0,0.04,-0.18,-9.59,5.75,-18.69,38.69,-14.94,61.44,5.13,-0.2793290350222049,-0.07562913430461604,0.21924391053878975,-170.40978378389514,-9.407070184120801,-1.7762402933693409,0.0044,-0.9965,-0.08199999999999999,-0.0155
96,1105797.0,906.024339,1.0,0.04,-0.49,-7.49,3.88,-19.37,40.5,-9.63,83.31,4.81,-0.5427315496958693,-0.39819674228982105,2.330776685169518,-170.00697332479714,-9.257605761151561,-3.896864048753203,0.0034,-0.9962,-0.0807,-0.034
97,1105797.0,906.024339,1.0,0.04,-0.49,-7.49,3.88,-19.37,40.5,-9.63,83.31,4.81,-0.5427315496958693,-0.39819674228982105,2.330776685169518,-170.00697332479714,-9.257605761151561,-3.896864048753203,0.0034,-0.9962,-0.0807,-0.034
98,1105833.0,906.098057,1.0,1.18,0.31,-6.79,0.88,-20.87,38.25,-20.56,153.63,9.44,0.10421000740916964,0.21849318889402564,2.9121593733646494,-167.13036680379562,-8.855279263547427,-9.303593121383253,0.0006,-0.9937,-0.0772,-0.0811
99,1105833.0,906.098057,1.0,1.18,0.31,-6.79,0.88,-20.87,38.25,-20.56,153.63,9.44,0.10421000740916964,0.21849318889402564,2.9121593733646494,-167.13036680379562,-8.855279263547427,-9.303593121383253,0.0006,-0.9937,-0.0772,-0.0811
100,1105866.0,906.1019779999999,1.0,3.13,0.64,-13.24,0.88,-20.87,38.25,-16.62,131.69,7.75,-0.057835526428298374,0.4039836396699051,-3.807223521917333,-163.69974033883318,-8.522006076442151,-13.830376539145913,-0.0002,-0.9899,-0.0743,-0.1204
101,1105866.0,906.1019779999999,1.0,3.13,0.64,-13.24,0.88,-20.87,38.25,-16.62,131.69,7.75,-0.057835526428298374,0.4039836396699051,-3.807223521917333,-163.69974033883318,-8.522006076442151,-13.830376539145913,-0.0002,-0.9899,-0.0743,-0.1204
102,1105901.0,906.143478,1.0,2.86,-0.19,-9.96,-3.19,-21.25,38.0,14.38,58.69,3.5,-0.14859964180916865,-0.3281079236758903,-0.551321004828857,-161.4314273445042,-8.257737442475136,-16.59349169701811,0.0029,-0.9869,-0.07200000000000001,-0.1443
103,1105901.0,906.143478,1.0,2.86,-0.19,-9.96,-3.19,-21.25,38.0,14.38,58.69,3.5,-0.14859964180916865,-0.3281079236758903,-0.551321004828857,-161.4314273445042,-8.257737442475136,-16.59349169701811,0.0029,-0.9869,-0.07200000000000001,-0.1443
104,1105938.0,906.1669609999999,1.0,3.04,0.25,-9.2,-6.56,-21.25,37.06,-1.63,58.06,4.31,0.017058911068882354,0.0797695435205504,0.1145168078962282,-159.9290177639615,-8.1313637329408,-18.274501601194086,0.0026,-0.9847,-0.0709,-0.1588
105,1105938.0,906.1669609999999,1.0,3.04,0.25,-9.2,-6.56,-21.25,37.06,-1.63,58.06,4.31,0.017058911068882354,0.0797695435205504,0.1145168078962282,-159.9290177639615,-8.1313637329408,-18.274501601194086,0.0026,-0.9847,-0.0709,-0.1588
106,1105973.0,906.2273779999999,1.0,3.75,0.14,-10.03,-6.56,-21.25,37.06,-4.56,63.94,8.44,-0.025139691168500452,-0.037391868125868234,-0.9022701063471371,-157.92374967519896,-7.786758050274272,-20.623036118505983,0.0038,-0.9815,-0.0679,-0.179
107,1105973.0,906.2273779999999,1.0,3.75,0.14,-10.03,-6.56,-21.25,37.06,-4.56,63.94,8.44,-0.025139691168500452,-0.037391868125868234,-0.9022701063471371,-157.92374967519896,-7.786758050274272,-20.623036118505983,0.0038,-0.9815,-0.0679,-0.179
108,1106008.0,906.242892,1.0,3.95,-0.09,-10.12,-8.75,-21.69,35.38,5.13,22.25,4.38,-0.08251504419358979,-0.241898408413912,-1.0542742897411124,-157.04331809093284,-7.648935698119245,-21.590514086807822,0.0052,-0.98,-0.0667,-0.1873
109,1106008.0,906.242892,1.0,3.95,-0.09,-10.12,-8.75,-21.69,35.38,5.13,22.25,4.38,-0.08251504419358979,-0.241898408413912,-1.0542742897411124,-157.04331809093284,-7.648935698119245,-21.590514086807822,0.0052,-0.98,-0.0667,-0.1873
110,1106042.0,906.270359,1.0,3.54,0.66,-8.62,-11.19,-21.69,36.56,-8.31,24.87,1.5,0.03467770579654328,0.4889674940547903,0.4775927996995098,-156.25063177900063,-7.499640647274437,-22.524498571325392,0.0037,-0.9786,-0.0654,-0.1953
111,1106042.0,906.270359,1.0,3.54,0.66,-8.62,-11.19,-21.69,36.56,-8.31,24.87,1.5,0.03467770579654328,0.4889674940547903,0.4775927996995098,-156.25063177900063,-7.499640647274437,-22.524498571325392,0.0037,-0.9786,-0.0654,-0.1953
112,1106079.0,906.307103,1.0,3.67,0.24,-8.5,-11.88,-21.25,35.0,0.69,47.88,3.75,-0.049077134577077734,0.10267031741390144,0.5457887959443095,-155.05511767406654,-7.396290017779932,-23.740958889771715,0.0056,-0.9764,-0.0645,-0.2057
113,1106079.0,906.307103,1.0,3.67,0.24,-8.5,-11.88,-21.25,35.0,0.69,47.88,3.75,-0.049077134577077734,0.10267031741390144,0.5457887959443095,-155.05511767406654,-7.396290017779932,-23.740958889771715,0.0056,-0.9764,-0.0645,-0.2057
114,1106112.0,906.351868,1.0,4.13,0.47,-9.21,-11.88,-21.25,35.0,1.25,54.5,3.06,-0.2476953371927661,0.36263375357358857,-0.28835093019818103,-153.1625065187994,-7.247016388579905,-25.8058643261674,0.0073,-0.9727,-0.0632,-0.2233
115,1106112.0,906.351868,1.0,4.13,0.47,-9.21,-11.88,-21.25,35.0,1.25,54.5,3.06,-0.2476953371927661,0.36263375357358857,-0.28835093019818103,-153.1625065187994,-7.247016388579905,-25.8058643261674,0.0073,-0.9727,-0.0632,-0.2233
116,1106149.0,906.399426,1.0,4.37,0.53,-9.55,-14.5,-21.25,35.25,-3.25,34.19,0.75,-0.40460325323614893,0.44019293170224616,-0.692055938845515,-152.00202441389632,-6.925545442265205,-27.065367073658553,0.0076,-0.9703,-0.0604,-0.23399999999999999
117,1106149.0,906.399426,1.0,4.37,0.53,-9.55,-14.5,-21.25,35.25,-3.25,34.19,0.75,-0.40460325323614893,0.44019293170224616,-0.692055938845515,-152.00202441389632,-6.925545442265205,-27.065367073658553,0.0076,-0.9703,-0.0604,-0.23399999999999999
118,1106186.0,906.446326,1.0,4.33,0.34,-8.35,-14.19,-21.69,34.5,1.44,25.62,-0.63,-0.08642571841031899,0.23072813474455356,0.3978086726614123,-150.97820441576042,-6.937025592767178,-28.091903034402694,0.0085,-0.9681,-0.0605,-0.2427
119,1106186.0,906.446326,1.0,4.33,0.34,-8.35,-14.19,-21.69,34.5,1.44,25.62,-0.63,-0.08642571841031899,0.23072813474455356,0.3978086726614123,-150.97820441576042,-6.937025592767178,-28.091903034402694,0.0085,-0.9681,-0.0605,-0.2427
120,1106219.0,906.458431,1.0,4.76,0.22,-9.12,-14.19,-21.69,34.5,4.81,28.19,-0.63,-0.2403119389050077,0.13691602966387795,-0.479452477267122,-150.1661139822511,-6.959986103018456,-28.966859495010613,0.01,-0.9663,-0.0607,-0.2501
121,1106219.0,906.458431,1.0,4.76,0.22,-9.12,-14.19,-21.69,34.5,4.81,28.19,-0.63,-0.2403119389050077,0.13691602966387795,-0.479452477267122,-150.1661139822511,-6.959986103018456,-28.966859495010613,0.01,-0.9663,-0.0607,-0.2501
122,1106253.0,906.5171550000001,1.0,5.07,0.14,-9.32,-15.25,-21.69,34.56,3.94,21.37,-1.75,-0.2309362742755714,0.07524160485861242,-0.8012671913303571,-149.33171261025748,-7.051830951076286,-29.80796936990455,0.0118,-0.9644,-0.0615,-0.2572
123,1106253.0,906.5171550000001,1.0,5.07,0.14,-9.32,-15.25,-21.69,34.56,3.94,21.37,-1.75,-0.2309362742755714,0.07524160485861242,-0.8012671913303571,-149.33171261025748,-7.051830951076286,-29.80796936990455,0.0118,-0.9644,-0.0615,-0.2572
124,1106288.0,906.5306449999999,1.0,5.17,0.25,-9.4,-16.5,-20.87,33.25,-0.31,-3.56,-3.06,-0.193388300218472,0.17420091020847764,-0.9210550205634008,-149.20198320614296,-7.063311874799694,-29.92656655764556,0.0116,-0.9641,-0.0616,-0.2582
125,1106288.0,906.5306449999999,1.0,5.17,0.25,-9.4,-16.5,-20.87,33.25,-0.31,-3.56,-3.06,-0.193388300218472,0.17420091020847764,-0.9210550205634008,-149.20198320614296,-7.063311874799694,-29.92656655764556,0.0116,-0.9641,-0.0616,-0.2582
126,1106325.0,906.5638230000001,1.0,4.74,-0.02,-8.55,-17.25,-20.5,33.69,0.44,-6.75,-3.13,-0.128928579959541,-0.10503597669852692,0.03204796897752793,-149.46197984083236,-7.143680335170353,-29.653841828798466,0.0112,-0.9647,-0.0623,-0.2559
127,1106325.0,906.5638230000001,1.0,4.74,-0.02,-8.55,-17.25,-20.5,33.69,0.44,-6.75,-3.13,-0.128928579959541,-0.10503597669852692,0.03204796897752793,-149.46197984083236,-7.143680335170353,-29.653841828798466,0.0112,-0.9647,-0.0623,-0.2559
128,1106360.0,906.692901,1.0,5.11,0.43,-9.81,-17.25,-20.5,33.69,-5.69,-25.75,-0.56,-0.2797220999114085,0.3403374230880526,-1.2540473552876428,-149.94434113378782,-7.109236280779951,-29.15626451062837,0.0102,-0.9658,-0.062,-0.2517
129,1106360.0,906.692901,1.0,5.11,0.43,-9.81,-17.25,-20.5,33.69,-5.69,-25.75,-0.56,-0.2797220999114085,0.3403374230880526,-1.2540473552876428,-149.94434113378782,-7.109236280779951,-29.15626451062837,0.0102,-0.9658,-0.062,-0.2517
130,1106397.0,906.700501,1.0,4.55,0.0,-9.07,-16.87,-20.5,33.69,2.75,-43.13,-4.25,-0.19429552570220165,-0.09968172590408754,-0.3382853276505866,-151.34635737161238,-7.247016388579905,-27.643253148970494,0.0093,-0.9689,-0.0632,-0.2389
131,1106397.0,906.700501,1.0,4.55,0.0,-9.07,-16.87,-20.5,33.69,2.75,-43.13,-4.25,-0.19429552570220165,-0.09968172590408754,-0.3382853276505866,-151.34635737161238,-7.247016388579905,-27.643253148970494,0.0093,-0.9689,-0.0632,-0.2389
132,1106432.0,906.7039960000001,1.0,4.27,0.5,-9.2,-15.38,-22.0,34.56,-8.0,-51.38,-3.13,-0.20191483903768148,0.3766633722529719,-0.3392977182656249,-152.67309729035,-7.304427851725569,-26.29986168212807,0.0072,-0.9717,-0.0637,-0.2275
133,1106432.0,906.7039960000001,1.0,4.27,0.5,-9.2,-15.38,-22.0,34.56,-8.0,-51.38,-3.13,-0.20191483903768148,0.3766633722529719,-0.3392977182656249,-152.67309729035,-7.304427851725569,-26.29986168212807,0.0072,-0.9717,-0.0637,-0.2275
134,1106466.0,906.7158009999999,1.0,3.98,0.08,-9.25,-15.38,-22.0,34.56,0.12,-54.13,-4.0,-0.16962784259470842,-0.03762614132839706,-0.262069415521788,-154.63414056108863,-7.465189762811248,-24.20954412674289,0.0069,-0.9756,-0.0651,-0.2097
135,1106466.0,906.7158009999999,1.0,3.98,0.08,-9.25,-15.38,-22.0,34.56,0.12,-54.13,-4.0,-0.16962784259470842,-0.03762614132839706,-0.262069415521788,-154.63414056108863,-7.465189762811248,-24.20954412674289,0.0069,-0.9756,-0.0651,-0.2097
136,1106501.0,906.750603,1.0,3.64,0.3,-9.41,-14.56,-21.25,34.5,4.0,-70.44,-4.44,-0.06325465375391626,0.17595097104699925,-0.28556185392806205,-156.98580474112185,-7.648935698119245,-21.637178319468852,0.006,-0.9799,-0.0667,-0.1877
137,1106501.0,906.750603,1.0,3.64,0.3,-9.41,-14.56,-21.25,34.5,4.0,-70.44,-4.44,-0.06325465375391626,0.17595097104699925,-0.28556185392806205,-156.98580474112185,-7.648935698119245,-21.637178319468852,0.006,-0.9799,-0.0667,-0.1877
138,1106538.0,906.779457,1.0,3.01,-0.13,-8.48,-11.56,-21.69,35.0,8.19,-53.44,-5.69,-0.0804911468011773,-0.2147717780483292,0.8102732705249291,-158.5921035424659,-7.913105112625811,-19.854779083760317,0.0068,-0.9826,-0.069,-0.1724
139,1106538.0,906.779457,1.0,3.01,-0.13,-8.48,-11.56,-21.69,35.0,8.19,-53.44,-5.69,-0.0804911468011773,-0.2147717780483292,0.8102732705249291,-158.5921035424659,-7.913105112625811,-19.854779083760317,0.0068,-0.9826,-0.069,-0.1724
140,1106573.0,906.818053,1.0,2.66,0.01,-8.81,-11.56,-21.69,35.0,3.31,-42.81,-5.06,-0.2915190832153056,-0.04644520742729681,0.6085708816825051,-159.73268910086296,-8.096899901459961,-18.553110733389566,0.0062,-0.9844,-0.0706,-0.1612
141,1106573.0,906.818053,1.0,2.66,0.01,-8.81,-11.56,-21.69,35.0,3.31,-42.81,-5.06,-0.2915190832153056,-0.04644520742729681,0.6085708816825051,-159.73268910086296,-8.096899901459961,-18.553110733389566,0.0062,-0.9844,-0.0706,-0.1612
142,1106606.0,906.8565570000001,1.0,2.72,-0.07,-9.5,-9.75,-20.87,37.06,0.06,-37.19,-0.12,-0.20048639692468906,-0.12843120022615828,-0.07244968729218647,-161.00999937311443,-8.269226458088282,-17.010496081346126,0.0064,-0.9863,-0.0721,-0.1479
143,1106606.0,906.8565570000001,1.0,2.72,-0.07,-9.5,-9.75,-20.87,37.06,0.06,-37.19,-0.12,-0.20048639692468906,-0.12843120022615828,-0.07244968729218647,-161.00999937311443,-8.269226458088282,-17.010496081346126,0.0064,-0.9863,-0.0721,-0.1479
144,1106640.0,906.900542,1.0,2.32,0.03,-9.27,-9.0,-21.25,35.75,-1.56,-39.0,-1.06,-0.25809964940010843,-0.01779192940327626,0.2542017264824903,-162.37875406030932,-8.280715556970401,-15.563501157916,0.0054,-0.9882,-0.0722,-0.1354
145,1106640.0,906.900542,1.0,2.32,0.03,-9.27,-9.0,-21.25,35.75,-1.56,-39.0,-1.06,-0.25809964940010843,-0.01779192940327626,0.2542017264824903,-162.37875406030932,-8.280715556970401,-15.563501157916,0.0054,-0.9882,-0.0722,-0.1354
146,1106677.0,906.9285279999999,1.0,2.19,0.37,-9.1,-8.25,-21.25,37.19,-1.56,-28.87,-0.69,-0.13082682421287495,0.303902118183355,0.4453718904345081,-163.22171672296716,-8.269226458088282,-14.592535930080526,0.0045,-0.9893,-0.0721,-0.127
147,1106677.0,906.9285279999999,1.0,2.19,0.37,-9.1,-8.25,-21.25,37.19,-1.56,-28.87,-0.69,-0.13082682421287495,0.303902118183355,0.4453718904345081,-163.22171672296716,-8.269226458088282,-14.592535930080526,0.0045,-0.9893,-0.0721,-0.127
148,1106712.0,906.990744,1.0,2.19,0.02,-9.54,-8.25,-21.25,37.19,7.88,-26.12,-1.31,-0.11739041570365695,-0.026973552740044045,0.019229915128120112,-164.02631287450075,-8.349651905481078,-13.576461659580188,0.0054,-0.9903,-0.0728,-0.1182
149,1106712.0,906.990744,1.0,2.19,0.02,-9.54,-8.25,-21.25,37.19,7.88,-26.12,-1.31,-0.11739041570365695,-0.026973552740044045,0.019229915128120112,-164.02631287450075,-8.349651905481078,-13.576461659580188,0.0054,-0.9903,-0.0728,-0.1182
150,1106749.0,907.001184,1.0,2.06,0.3,-10.11,-6.75,-20.87,38.25,3.06,-30.69,-2.88,-0.19202002365696047,0.26882914164912186,-0.5101595457420842,-164.61437509688025,-8.41859128124216,-12.780520582262024,0.0052,-0.991,-0.0734,-0.1113
151,1106749.0,907.001184,1.0,2.06,0.3,-10.11,-6.75,-20.87,38.25,3.06,-30.69,-2.88,-0.19202002365696047,0.26882914164912186,-0.5101595457420842,-164.61437509688025,-8.41859128124216,-12.780520582262024,0.0052,-0.991,-0.0734,-0.1113
152,1106784.0,907.045248,1.0,1.79,-0.23,-9.58,-5.56,-21.25,38.25,10.69,-35.0,-4.0,-0.1809544219189414,-0.2058771688105215,0.06199658961384635,-165.6781993872616,-8.625427825614647,-11.420757981123572,0.0075,-0.9922,-0.0752,-0.0995
153,1106784.0,907.045248,1.0,1.79,-0.23,-9.58,-5.56,-21.25,38.25,10.69,-35.0,-4.0,-0.1809544219189414,-0.2058771688105215,0.06199658961384635,-165.6781993872616,-8.625427825614647,-11.420757981123572,0.0075,-0.9922,-0.0752,-0.0995
154,1106819.0,907.057,1.0,1.44,-0.09,-9.3,-5.56,-21.25,38.25,7.31,-36.38,-1.12,-0.2643631859351172,-0.02537692390040349,0.3991440543385458,-166.43342218753332,-8.705871826379285,-10.327214181692757,0.0082,-0.993,-0.0759,-0.09
155,1106819.0,907.057,1.0,1.44,-0.09,-9.3,-5.56,-21.25,38.25,7.31,-36.38,-1.12,-0.2643631859351172,-0.02537692390040349,0.3991440543385458,-166.43342218753332,-8.705871826379285,-10.327214181692757,0.0082,-0.993,-0.0759,-0.09
156,1106853.0,907.080825,1.0,1.37,-0.15,-9.65,-3.75,-20.5,37.5,6.63,-29.62,-0.75,-0.19392423235729886,-0.05961645811565836,0.06084375987669155,-167.23302195249303,-8.832292528579133,-9.096661717453259,0.0093,-0.9938,-0.077,-0.0793
157,1106853.0,907.080825,1.0,1.37,-0.15,-9.65,-3.75,-20.5,37.5,6.63,-29.62,-0.75,-0.19392423235729886,-0.05961645811565836,0.06084375987669155,-167.23302195249303,-8.832292528579133,-9.096661717453259,0.0093,-0.9938,-0.077,-0.0793
158,1106888.0,907.1183800000001,1.0,1.51,-0.05,-11.03,-2.56,-20.19,38.25,8.25,-36.88,-1.88,-0.07571826972381067,0.06649042299501243,-1.3258854599605903,-167.75915046700433,-8.993207204284674,-8.165828301178744,0.0103,-0.9943,-0.0784,-0.0712
159,1106888.0,907.1183800000001,1.0,1.51,-0.05,-11.03,-2.56,-20.19,38.25,8.25,-36.88,-1.88,-0.07571826972381067,0.06649042299501243,-1.3258854599605903,-167.75915046700433,-8.993207204284674,-8.165828301178744,0.0103,-0.9943,-0.0784,-0.0712
160,1106925.0,907.155513,1.0,1.0,-0.26,-9.22,-2.56,-20.19,38.25,10.81,-59.69,-2.44,-0.004791887066910193,-0.10211102445943426,0.5294979382677898,-168.88558009980704,-9.17713147157167,-6.01882390838285,0.0128,-0.9953,-0.08,-0.0525
161,1106925.0,907.155513,1.0,1.0,-0.26,-9.22,-2.56,-20.19,38.25,10.81,-59.69,-2.44,-0.004791887066910193,-0.10211102445943426,0.5294979382677898,-168.88558009980704,-9.17713147157167,-6.01882390838285,0.0128,-0.9953,-0.08,-0.0525
162,1106960.0,907.2032939999999,1.0,0.53,-0.12,-9.13,-1.5,-20.19,37.88,2.88,-43.63,2.88,-0.2154000688074853,0.09145423712230634,0.6634864920630381,-169.61974434488633,-9.165635515674056,-4.642227799866185,0.0129,-0.9959,-0.0799,-0.0405
163,1106960.0,907.2032939999999,1.0,0.53,-0.12,-9.13,-1.5,-20.19,37.88,2.88,-43.63,2.88,-0.2154000688074853,0.09145423712230634,0.6634864920630381,-169.61974434488633,-9.165635515674056,-4.642227799866185,0.0129,-0.9959,-0.0799,-0.0405
164,1106995.0,907.243611,1.0,0.54,-0.33,-10.36,-0.75,-19.37,39.19,3.56,-39.06,2.38,-0.07021972256932679,-0.09269595174323993,-0.5720096750781245,-170.27366439531403,-9.108157120464725,-3.174592245464794,0.0132,-0.9964,-0.0794,-0.0277
165,1106995.0,907.243611,1.0,0.54,-0.33,-10.36,-0.75,-19.37,39.19,3.56,-39.06,2.38,-0.07021972256932679,-0.09269595174323993,-0.5720096750781245,-170.27366439531403,-9.108157120464725,-3.174592245464794,0.0132,-0.9964,-0.0794,-0.0277
166,1107032.0,907.2733470000001,1.0,0.03,-0.01,-8.57,0.0,-19.37,39.69,4.13,-39.25,2.38,-0.24916232063643035,0.24111122018983094,1.2436082788898144,-170.54785856879653,-9.027691221695424,-1.9825328715837252,0.0136,-0.9966,-0.0787,-0.0173
167,1107032.0,907.2733470000001,1.0,0.03,-0.01,-8.57,0.0,-19.37,39.69,4.13,-39.25,2.38,-0.24916232063643035,0.24111122018983094,1.2436082788898144,-170.54785856879653,-9.027691221695424,-1.9825328715837252,0.0136,-0.9966,-0.0787,-0.0173
168,1107064.0,907.3094060000001,1.0,-0.14,-0.36,-9.38,0.0,-19.37,39.69,-0.44,-8.25,-0.69,-0.40122799687460986,-0.06306858013676403,0.42749020560884254,-170.68797573137596,-9.050681021579294,-1.3865917007687605,0.0135,-0.9967,-0.0789,-0.0121
169,1107064.0,907.3094060000001,1.0,-0.14,-0.36,-9.38,0.0,-19.37,39.69,-0.44,-8.25,-0.69,-0.40122799687460986,-0.06306858013676403,0.42749020560884254,-170.68797573137596,-9.050681021579294,-1.3865917007687605,0.0135,-0.9967,-0.0789,-0.0121
170,1107101.0,907.3741150000001,1.0,0.06,-0.47,-10.51,2.19,-19.37,39.19,2.94,-0.5,-1.63,-0.2329720573740948,-0.1629972415485199,-0.7101820286924063,-170.68797573137596,-9.096661717453259,-1.3178319771025526,0.0139,-0.9967,-0.0793,-0.0115
171,1107101.0,907.3741150000001,1.0,0.06,-0.47,-10.51,2.19,-19.37,39.19,2.94,-0.5,-1.63,-0.2329720573740948,-0.1629972415485199,-0.7101820286924063,-170.68797573137596,-9.096661717453259,-1.3178319771025526,0.0139,-0.9967,-0.0793,-0.0115
172,1107136.0,907.379267,1.0,-0.12,-0.54,-9.48,1.5,-18.69,38.75,-4.0,-14.56,2.13,-0.3325629720983752,-0.2473460113576293,0.3195734313064289,-170.8302288961765,-9.039186076064473,-0.9052827329224428,0.0135,-0.9968,-0.0788,-0.0079
173,1107136.0,907.379267,1.0,-0.12,-0.54,-9.48,1.5,-18.69,38.75,-4.0,-14.56,2.13,-0.3325629720983752,-0.2473460113576293,0.3195734313064289,-170.8302288961765,-9.039186076064473,-0.9052827329224428,0.0135,-0.9968,-0.0788,-0.0079
174,1107171.0,907.414471,1.0,-0.14,-0.01,-9.28,1.5,-18.69,38.75,2.19,0.19,0.06,-0.24126253136434844,0.26018197937141513,0.5323738703729557,-170.8302288961765,-9.016196458354324,-0.7448503787209418,0.0129,-0.9968,-0.0786,-0.0065
175,1107171.0,907.414471,1.0,-0.14,-0.01,-9.28,1.5,-18.69,38.75,2.19,0.19,0.06,-0.24126253136434844,0.26018197937141513,0.5323738703729557,-170.8302288961765,-9.016196458354324,-0.7448503787209418,0.0129,-0.9968,-0.0786,-0.0065
176,1107204.0,907.4305310000001,1.0,0.1,-0.51,-10.71,1.88,-19.0,38.75,3.56,6.25,-2.31,-0.12913110142520134,-0.21101135551994865,-0.9130981018205996,-170.8302288961765,-9.06217605835773,-0.9167422509706517,0.0138,-0.9968,-0.079,-0.008
177,1107204.0,907.4305310000001,1.0,0.1,-0.51,-10.71,1.88,-19.0,38.75,3.56,6.25,-2.31,-0.12913110142520134,-0.21101135551994865,-0.9130981018205996,-170.8302288961765,-9.06217605835773,-0.9167422509706517,0.0138,-0.9968,-0.079,-0.008
178,1107240.0,907.4958320000001,1.0,0.04,-0.37,-10.19,2.56,-19.37,38.75,-0.12,-5.94,0.25,-0.1310543811327951,-0.08464028642782613,-0.3889500692013854,-170.8302288961765,-9.073671186517632,-0.7563097804494618,0.0136,-0.9968,-0.0791,-0.0066
179,1107240.0,907.4958320000001,1.0,0.04,-0.37,-10.19,2.56,-19.37,38.75,-0.12,-5.94,0.25,-0.1310543811327951,-0.08464028642782613,-0.3889500692013854,-170.8302288961765,-9.073671186517632,-0.7563097804494618,0.0136,-0.9968,-0.0791,-0.0066
180,1107277.0,907.5012849999999,1.0,-0.02,-0.35,-9.58,3.0,-19.75,39.25,1.12,-12.19,1.19,-0.11397285086460834,-0.08366445530345687,0.2212803958488632,-170.8302288961765,-9.06217605835773,-0.3552344019497601,0.0133,-0.9968,-0.079,-0.0031
181,1107277.0,907.5012849999999,1.0,-0.02,-0.35,-9.58,3.0,-19.75,39.25,1.12,-12.19,1.19,-0.11397285086460834,-0.08366445530345687,0.2212803958488632,-170.8302288961765,-9.06217605835773,-0.3552344019497601,0.0133,-0.9968,-0.079,-0.0031
182,1107310.0,907.550577,1.0,-0.12,-0.43,-10.13,3.0,-19.75,39.25,1.37,-9.56,-1.0,-0.17738012020740998,-0.14007741810312582,-0.3306629876655567,-170.8302288961765,-9.06217605835773,-0.06875493954099557,0.0131,-0.9968,-0.079,-0.0006
183,1107310.0,907.550577,1.0,-0.12,-0.43,-10.13,3.0,-19.75,39.25,1.37,-9.56,-1.0,-0.17738012020740998,-0.14007741810312582,-0.3306629876655567,-170.8302288961765,-9.06217605835773,-0.06875493954099557,0.0131,-0.9968,-0.079,-0.0006
184,1107347.0,907.6105060000001,1.0,-0.27,-0.47,-10.06,2.56,-19.37,38.38,1.06,-19.31,-0.44,-0.23370756165729803,-0.1653713275649724,-0.26387298044364904,-170.8302288961765,-9.096661717453259,0.4927452222969898,0.0131,-0.9968,-0.0793,0.0043
185,1107347.0,907.6105060000001,1.0,-0.27,-0.47,-10.06,2.56,-19.37,38.38,1.06,-19.31,-0.44,-0.23370756165729803,-0.1653713275649724,-0.26387298044364904,-170.8302288961765,-9.096661717453259,0.4927452222969898,0.0131,-0.9968,-0.0793,0.0043
186,1107382.0,907.620175,1.0,-0.43,-0.31,-9.14,2.56,-19.37,38.75,3.56,-28.69,2.81,-0.2536543008942005,-0.013933515982962438,0.6548160115160401,-170.8302288961765,-9.004701785923347,1.2605325708995527,0.0132,-0.9968,-0.0785,0.011000000000000001
187,1107382.0,907.620175,1.0,-0.43,-0.31,-9.14,2.56,-19.37,38.75,3.56,-28.69,2.81,-0.2536543008942005,-0.013933515982962438,0.6548160115160401,-170.8302288961765,-9.004701785923347,1.2605325708995527,0.0132,-0.9968,-0.0785,0.011000000000000001
188,1107417.0,907.6586580000001,1.0,-0.45,-0.2,-10.06,2.56,-19.37,38.75,1.56,-12.56,-0.19,-0.11934891596028407,0.11531471095284287,-0.2640281476570383,-170.68797573137596,-8.970218312913039,1.9137679978932431,0.0134,-0.9967,-0.0782,0.0167
189,1107417.0,907.6586580000001,1.0,-0.45,-0.2,-10.06,2.56,-19.37,38.75,1.56,-12.56,-0.19,-0.11934891596028407,0.11531471095284287,-0.2640281476570383,-170.68797573137596,-8.970218312913039,1.9137679978932431,0.0134,-0.9967,-0.0782,0.0167
190,1107451.0,907.699083,1.0,-0.48,-0.46,-10.47,4.5,-18.69,38.75,3.31,-18.12,-1.0,-0.08680551813583559,-0.12710915930251085,-0.6833074862647841,-170.54785856879653,-9.027691221695424,2.3951379752687134,0.0137,-0.9966,-0.0787,0.0209
191,1107451.0,907.699083,1.0,-0.48,-0.46,-10.47,4.5,-18.69,38.75,3.31,-18.12,-1.0,-0.08680551813583559,-0.12710915930251085,-0.6833074862647841,-170.54785856879653,-9.027691221695424,2.3951379752687134,0.0137,-0.9966,-0.0787,0.0209
192,1107488.0,907.7289,1.0,-0.76,-0.22,-9.73,5.56,-19.0,39.19,4.88,-35.63,-0.88,-0.16674162212815352,0.12832081946097204,0.04680210165942356,-170.00697332479714,-9.17713147157167,3.5185137037623337,0.013999999999999999,-0.9962,-0.08,0.0307
193,1107488.0,907.7289,1.0,-0.76,-0.22,-9.73,5.56,-19.0,39.19,4.88,-35.63,-0.88,-0.16674162212815352,0.12832081946097204,0.04680210165942356,-170.00697332479714,-9.17713147157167,3.5185137037623337,0.013999999999999999,-0.9962,-0.08,0.0307
194,1107523.0,907.7661810000001,1.0,-0.99,-0.44,-9.71,5.56,-19.0,39.19,1.88,-23.5,-1.63,-0.2866601533734001,-0.053499014595329984,0.04075199664642426,-169.61974434488633,-9.21161989509871,4.355527902560735,0.0145,-0.9959,-0.0803,0.038
195,1107523.0,907.7661810000001,1.0,-0.99,-0.44,-9.71,5.56,-19.0,39.19,1.88,-23.5,-1.63,-0.2866601533734001,-0.053499014595329984,0.04075199664642426,-169.61974434488633,-9.21161989509871,4.355527902560735,0.0145,-0.9959,-0.0803,0.038
196,1107558.0,907.800159,1.0,-1.08,-0.29,-9.25,5.56,-19.0,39.19,2.75,-18.81,-3.06,-0.2493504845382783,0.09427990300333347,0.4931149227186449,-169.1248093860894,-9.303593121383253,5.204245622111723,0.0148,-0.9955,-0.0811,0.0454
197,1107558.0,907.800159,1.0,-1.08,-0.29,-9.25,5.56,-19.0,39.19,2.75,-18.81,-3.06,-0.2493504845382783,0.09427990300333347,0.4931149227186449,-169.1248093860894,-9.303593121383253,5.204245622111723,0.0148,-0.9955,-0.0811,0.0454
198,1107593.0,907.84506,1.0,-1.03,-0.46,-10.37,6.69,-18.25,39.56,2.13,-16.56,-3.06,-0.044137260133651435,-0.0537295311152488,-0.624292672632901,-168.88558009980704,-9.418568108565768,5.640181741583799,0.0152,-0.9953,-0.0821,0.0492
199,1107593.0,907.84506,1.0,-1.03,-0.46,-10.37,6.69,-18.25,39.56,2.13,-16.56,-3.06,-0.044137260133651435,-0.0537295311152488,-0.624292672632901,-168.88558009980704,-9.418568108565768,5.640181741583799,0.0152,-0.9953,-0.0821,0.0492
200,1107630.0,907.87672,1.0,-1.27,-0.35,-9.48,7.5,-18.25,38.5,1.44,-26.06,0.81,-0.1895408798783393,0.07977180515746138,0.2377675828126673,-168.30883818145554,-9.499056247386587,6.604129057804274,0.0161,-0.9948,-0.0828,0.0576
201,1107630.0,907.87672,1.0,-1.27,-0.35,-9.48,7.5,-18.25,38.5,1.44,-26.06,0.81,-0.1895408798783393,0.07977180515746138,0.2377675828126673,-168.30883818145554,-9.499056247386587,6.604129057804274,0.0161,-0.9948,-0.0828,0.0576
202,1107662.0,907.912232,1.0,-1.58,-0.68,-8.87,7.5,-18.25,38.5,7.31,-19.19,-1.06,-0.4879031646030052,-0.2031016736369248,0.7868717204558617,-167.75915046700433,-9.53355259965066,7.430739554030821,0.0169,-0.9943,-0.0831,0.0648
203,1107662.0,907.912232,1.0,-1.58,-0.68,-8.87,7.5,-18.25,38.5,7.31,-19.19,-1.06,-0.4879031646030052,-0.2031016736369248,0.7868717204558617,-167.75915046700433,-9.53355259965066,7.430739554030821,0.0169,-0.9943,-0.0831,0.0648
204,1107699.0,907.9507369999999,1.0,-1.59,-0.6,-9.71,7.06,-19.0,39.19,0.12,-6.44,-0.12,-0.3404529416048245,-0.1067142204598264,-0.04448718662491835,-167.65213833847682,-9.499056247386587,7.6259663887868285,0.0169,-0.9942,-0.0828,0.0665
205,1107699.0,907.9507369999999,1.0,-1.59,-0.6,-9.71,7.06,-19.0,39.19,0.12,-6.44,-0.12,-0.3404529416048245,-0.1067142204598264,-0.04448718662491835,-167.65213833847682,-9.499056247386587,7.6259663887868285,0.0169,-0.9942,-0.0828,0.0665
206,1107734.0,907.96506,1.0,-1.69,-0.77,-9.38,8.19,-19.37,38.0,1.37,-6.44,0.19,-0.4772580110351878,-0.260330276165298,0.26003526292097057,-167.54604215985927,-9.48755765518811,7.8212153932673,0.0173,-0.9941,-0.0827,0.0682
207,1107734.0,907.96506,1.0,-1.69,-0.77,-9.38,8.19,-19.37,38.0,1.37,-6.44,0.19,-0.4772580110351878,-0.260330276165298,0.26003526292097057,-167.54604215985927,-9.48755765518811,7.8212153932673,0.0173,-0.9941,-0.0827,0.0682
208,1107769.0,908.003525,1.0,-1.76,-0.77,-9.03,8.19,-19.37,38.0,-0.31,-2.06,2.94,-0.5545136211531879,-0.2537675569284049,0.5947274715043243,-167.44083871780597,-9.430066128049686,8.062436803571838,0.0177,-0.9940000000000001,-0.0822,0.0703
209,1107769.0,908.003525,1.0,-1.76,-0.77,-9.03,8.19,-19.37,38.0,-0.31,-2.06,2.94,-0.5545136211531879,-0.2537675569284049,0.5947274715043243,-167.44083871780597,-9.430066128049686,8.062436803571838,0.0177,-0.9940000000000001,-0.0822,0.0703
210,1107804.0,908.049778,1.0,-1.85,-0.66,-8.32,7.5,-18.25,38.38,-3.06,20.81,0.81,-0.8190481187771335,-0.14893721945982366,1.2985669089749,-167.86710278173726,-9.257605761151561,7.430739554030821,0.0174,-0.9944,-0.0807,0.0648
211,1107804.0,908.049778,1.0,-1.85,-0.66,-8.32,7.5,-18.25,38.38,-3.06,20.81,0.81,-0.8190481187771335,-0.14893721945982366,1.2985669089749,-167.86710278173726,-9.257605761151561,7.430739554030821,0.0174,-0.9944,-0.0807,0.0648
212,1107841.0,908.0785619999999,1.0,-1.18,-0.43,-11.0,8.56,-18.25,38.25,-8.31,28.12,0.75,0.0450483588552052,0.025497613880598676,-1.2646923087289108,-168.53606406960452,-9.22311622194562,6.5008278159272015,0.0164,-0.995,-0.0804,0.0567
213,1107841.0,908.0785619999999,1.0,-1.18,-0.43,-11.0,8.56,-18.25,38.25,-8.31,28.12,0.75,0.0450483588552052,0.025497613880598676,-1.2646923087289108,-168.53606406960452,-9.22311622194562,6.5008278159272015,0.0164,-0.995,-0.0804,0.0567
214,1107875.0,908.115236,1.0,-0.97,-0.63,-9.85,8.56,-18.25,38.25,-4.31,7.44,1.63,0.03489412365923966,-0.2350821899553591,-0.10817822665626943,-168.7678701513817,-9.17713147157167,6.2024314124588535,0.0161,-0.9952,-0.08,0.0541
215,1107875.0,908.115236,1.0,-0.97,-0.63,-9.85,8.56,-18.25,38.25,-4.31,7.44,1.63,0.03489412365923966,-0.2350821899553591,-0.10817822665626943,-168.7678701513817,-9.17713147157167,6.2024314124588535,0.0161,-0.9952,-0.08,0.0541
216,1107908.0,908.1913539999999,1.0,-1.27,-0.45,-8.25,6.38,-18.69,37.88,0.31,35.63,5.38,-0.5190059535594029,-0.05154310969596715,1.4636363881201326,-169.4938307856925,-8.843785851491393,5.4336758888612415,0.0156,-0.9958,-0.0771,0.0474
217,1107908.0,908.1913539999999,1.0,-1.27,-0.45,-8.25,6.38,-18.69,37.88,0.31,35.63,5.38,-0.5190059535594029,-0.05154310969596715,1.4636363881201326,-169.4938307856925,-8.843785851491393,5.4336758888612415,0.0156,-0.9958,-0.0771,0.0474
218,1107943.0,908.198053,1.0,-0.73,-0.42,-8.96,6.69,-19.0,38.38,-27.12,87.06,4.81,-0.25072530397081183,-0.12790163839101712,0.8115581164867685,-170.54785856879653,-8.636919564056372,3.3121572228147254,0.0121,-0.9966,-0.0753,0.0289
219,1107943.0,908.198053,1.0,-0.73,-0.42,-8.96,6.69,-19.0,38.38,-27.12,87.06,4.81,-0.25072530397081183,-0.12790163839101712,0.8115581164867685,-170.54785856879653,-8.636919564056372,3.3121572228147254,0.0121,-0.9966,-0.0753,0.0289
220,1107980.0,908.246515,1.0,0.17,-0.46,-12.43,4.88,-18.25,38.25,-9.69,13.25,9.31,0.4164480151224763,-0.30298692508063696,-2.622355188426413,-171.5773787315156,-8.269226458088282,1.3865917007687605,0.008,-0.9973,-0.0721,0.0121
221,1107980.0,908.246515,1.0,0.17,-0.46,-12.43,4.88,-18.25,38.25,-9.69,13.25,9.31,0.4164480151224763,-0.30298692508063696,-2.622355188426413,-171.5773787315156,-8.269226458088282,1.3865917007687605,0.008,-0.9973,-0.0721,0.0121
222,1108015.0,908.25636,1.0,-0.11,-0.5,-10.03,4.88,-18.25,38.25,-19.81,-3.13,15.06,0.0739884539685598,-0.4392535011799088,-0.22652407754796755,-172.22653193357402,-7.717845476549469,1.4095117183833985,0.0029,-0.9977,-0.0673,0.0123
223,1108015.0,908.25636,1.0,-0.11,-0.5,-10.03,4.88,-18.25,38.25,-19.81,-3.13,15.06,0.0739884539685598,-0.4392535011799088,-0.22652407754796755,-172.22653193357402,-7.717845476549469,1.4095117183833985,0.0029,-0.9977,-0.0673,0.0123
224,1108051.0,908.280867,1.0,-0.54,-0.37,-7.14,3.38,-20.19,37.5,-18.44,42.88,13.69,-0.4995164094603142,-0.321035155751208,2.6613354663036928,-172.75138501198413,-7.281463046960031,0.6760941207657828,-0.0012,-0.998,-0.0635,0.0059
225,1108051.0,908.280867,1.0,-0.54,-0.37,-7.14,3.38,-20.19,37.5,-18.44,42.88,13.69,-0.4995164094603142,-0.321035155751208,2.6613354663036928,-172.75138501198413,-7.281463046960031,0.6760941207657828,-0.0012,-0.998,-0.0635,0.0059
226,1108086.0,908.324002,1.0,-0.06,0.0,-10.91,3.38,-20.19,38.75,-40.38,61.81,16.94,-0.40233925426169215,-0.21348578627734527,-1.0940035099294736,-173.1234747164887,-6.650042440520529,-1.7303983035632713,-0.011000000000000001,-0.9982,-0.057999999999999996,-0.0151
227,1108086.0,908.324002,1.0,-0.06,0.0,-10.91,3.38,-20.19,38.75,-40.38,61.81,16.94,-0.40233925426169215,-0.21348578627734527,-1.0940035099294736,-173.1234747164887,-6.650042440520529,-1.7303983035632713,-0.011000000000000001,-0.9982,-0.057999999999999996,-0.0151
228,1108121.0,908.365057,1.0,0.43,-0.3,-10.62,3.38,-20.19,38.75,-13.31,23.19,17.25,-0.09944731496777956,-0.6028827945935351,-0.8087135155621876,-173.1234747164887,-6.168003805570946,-2.589989743099661,-0.0134,-0.9982,-0.0538,-0.0226
229,1108121.0,908.365057,1.0,0.43,-0.3,-10.62,3.38,-20.19,38.75,-13.31,23.19,17.25,-0.09944731496777956,-0.6028827945935351,-0.8087135155621876,-173.1234747164887,-6.168003805570946,-2.589989743099661,-0.0134,-0.9982,-0.0538,-0.0226
230,1108156.0,908.4021650000001,1.0,0.38,0.51,-9.23,1.06,-21.25,36.25,-18.37,22.19,17.87,-0.15225461686300815,0.13450253380964652,0.5569944604654253,-173.1234747164887,-5.422203865470181,-3.4841201823987773,-0.0197,-0.9982,-0.0473,-0.0304
231,1108156.0,908.4021650000001,1.0,0.38,0.51,-9.23,1.06,-21.25,36.25,-18.37,22.19,17.87,-0.15225461686300815,0.13450253380964652,0.5569944604654253,-173.1234747164887,-5.422203865470181,-3.4841201823987773,-0.0197,-0.9982,-0.0473,-0.0304
232,1108191.0,908.441456,1.0,0.71,0.47,-9.63,0.37,-22.0,37.06,-27.81,65.5,19.12,-0.12439651925682982,-0.038541367195216544,0.13995769761385368,-172.3974616580246,-4.89454770282183,-5.0551272004985615,-0.025,-0.9978,-0.0427,-0.0441
233,1108191.0,908.441456,1.0,0.71,0.47,-9.63,0.37,-22.0,37.06,-27.81,65.5,19.12,-0.12439651925682982,-0.038541367195216544,0.13995769761385368,-172.3974616580246,-4.89454770282183,-5.0551272004985615,-0.025,-0.9978,-0.0427,-0.0441
234,1108228.0,908.562389,1.0,1.22,0.73,-11.38,-1.88,-22.37,37.06,-12.69,22.37,15.75,-0.03479589942956207,-0.01877523897712529,-1.6617473045837678,-171.5773787315156,-4.160587661476331,-6.409008932036036,-0.0308,-0.9973,-0.0363,-0.0559
235,1108228.0,908.562389,1.0,1.22,0.73,-11.38,-1.88,-22.37,37.06,-12.69,22.37,15.75,-0.03479589942956207,-0.01877523897712529,-1.6617473045837678,-171.5773787315156,-4.160587661476331,-6.409008932036036,-0.0308,-0.9973,-0.0363,-0.0559
236,1108262.0,908.612318,1.0,1.15,0.83,-10.34,-1.88,-22.37,37.06,-27.25,5.5,18.94,-0.03491753496890826,0.04899601492978424,-0.6299864388280128,-171.42275078156132,-3.5987664920103746,-6.6729995322127,-0.0358,-0.9972,-0.0314,-0.0582
237,1108262.0,908.612318,1.0,1.15,0.83,-10.34,-1.88,-22.37,37.06,-27.25,5.5,18.94,-0.03491753496890826,0.04899601492978424,-0.6299864388280128,-171.42275078156132,-3.5987664920103746,-6.6729995322127,-0.0358,-0.9972,-0.0314,-0.0582
238,1108299.0,908.6434710000001,1.0,0.89,1.06,-7.78,-3.38,-23.19,35.75,-15.13,32.88,15.94,-0.07392028137280249,0.3935909711891892,1.9146463292329792,-170.8302288961765,-2.8306993879474716,-7.292945412680463,-0.0411,-0.9968,-0.0247,-0.0636
239,1108299.0,908.6434710000001,1.0,0.89,1.06,-7.78,-3.38,-23.19,35.75,-15.13,32.88,15.94,-0.07392028137280249,0.3935909711891892,1.9146463292329792,-170.8302288961765,-2.8306993879474716,-7.292945412680463,-0.0411,-0.9968,-0.0247,-0.0636
240,1108334.0,908.6949109999999,1.0,1.56,1.08,-11.42,-3.0,-23.5,36.19,-18.06,52.06,12.0,-0.1922507794861036,0.004267395056986782,-1.7682980096943195,-169.4938307856925,-2.47537018520181,-8.820799294692952,-0.0453,-0.9958,-0.0216,-0.0769
241,1108334.0,908.6949109999999,1.0,1.56,1.08,-11.42,-3.0,-23.5,36.19,-18.06,52.06,12.0,-0.1922507794861036,0.004267395056986782,-1.7682980096943195,-169.4938307856925,-2.47537018520181,-8.820799294692952,-0.0453,-0.9958,-0.0216,-0.0769
242,1108369.0,908.7041869999999,1.0,1.72,1.0,-11.8,-3.0,-23.5,36.19,-6.38,-10.56,10.81,-0.19185410624434815,-0.18549339961534386,-2.1569273997837417,-169.00454610436458,-2.0627594617091103,-9.257605761151561,-0.0485,-0.9954,-0.018000000000000002,-0.0807
243,1108369.0,908.7041869999999,1.0,1.72,1.0,-11.8,-3.0,-23.5,36.19,-6.38,-10.56,10.81,-0.19185410624434815,-0.18549339961534386,-2.1569273997837417,-169.00454610436458,-2.0627594617091103,-9.257605761151561,-0.0485,-0.9954,-0.018000000000000002,-0.0807
244,1108404.0,908.707389,1.0,1.35,0.91,-9.36,-4.5,-23.19,35.0,-5.69,7.0,7.88,-0.18172681839388816,-0.07604298704483282,0.30815575998502176,-168.7678701513817,-1.7303983035632713,-9.349581983346614,-0.0511,-0.9952,-0.0151,-0.0815
245,1108404.0,908.707389,1.0,1.35,0.91,-9.36,-4.5,-23.19,35.0,-5.69,7.0,7.88,-0.18172681839388816,-0.07604298704483282,0.30815575998502176,-168.7678701513817,-1.7303983035632713,-9.349581983346614,-0.0511,-0.9952,-0.0151,-0.0815
246,1108441.0,908.71925,1.0,1.68,0.72,-10.6,-5.38,-23.5,35.38,-15.81,13.13,11.88,-0.13826097511192448,-0.4556566556875877,-0.9392357668825378,-168.4218955829601,-1.4209717482803246,-9.74054901066208,-0.0539,-0.9949,-0.0124,-0.0849
247,1108441.0,908.71925,1.0,1.68,0.72,-10.6,-5.38,-23.5,35.38,-15.81,13.13,11.88,-0.13826097511192448,-0.4556566556875877,-0.9392357668825378,-168.4218955829601,-1.4209717482803246,-9.74054901066208,-0.0539,-0.9949,-0.0124,-0.0849
248,1108475.0,908.740152,1.0,1.7,1.79,-10.17,-5.38,-23.5,35.38,-18.56,-6.5,12.5,-0.04848318045351796,0.5694695093983724,-0.6430559221338275,-168.08593042045837,-0.9625804159917916,-9.786552516199244,-0.0582,-0.9946,-0.0084,-0.0853
249,1108475.0,908.740152,1.0,1.7,1.79,-10.17,-5.38,-23.5,35.38,-18.56,-6.5,12.5,-0.04848318045351796,0.5694695093983724,-0.6430559221338275,-168.08593042045837,-0.9625804159917916,-9.786552516199244,-0.0582,-0.9946,-0.0084,-0.0853
250,1108510.0,908.7944449999999,1.0,1.39,1.27,-9.31,-5.38,-24.25,34.88,-15.81,2.88,8.69,-0.21652097702045514,0.10128606762226072,0.3111795114451663,-167.86710278173726,-0.5500415954991054,-9.786552516199244,-0.0615,-0.9944,-0.0048,-0.0853
251,1108510.0,908.7944449999999,1.0,1.39,1.27,-9.31,-5.38,-24.25,34.88,-15.81,2.88,8.69,-0.21652097702045514,0.10128606762226072,0.3111795114451663,-167.86710278173726,-0.5500415954991054,-9.786552516199244,-0.0615,-0.9944,-0.0048,-0.0853
252,1108545.0,908.8019310000001,1.0,1.44,1.36,-8.97,-5.69,-24.69,34.38,-6.31,14.31,8.19,-0.18965617878902208,0.18678512835909614,0.6244257678397407,-167.33650576248203,-0.2291832708413497,-10.258180960550504,-0.0641,-0.9939,-0.002,-0.0894
253,1108545.0,908.8019310000001,1.0,1.44,1.36,-8.97,-5.69,-24.69,34.38,-6.31,14.31,8.19,-0.18965617878902208,0.18678512835909614,0.6244257678397407,-167.33650576248203,-0.2291832708413497,-10.258180960550504,-0.0641,-0.9939,-0.002,-0.0894
254,1108582.0,908.8212189999999,1.0,1.58,0.75,-9.68,-6.88,-24.25,34.5,-10.38,18.62,11.06,-0.2750672531863718,-0.5524372211575781,-0.010704588834215656,-166.72765058183754,0.08021409786913415,-10.8450849117299,-0.0664,-0.9933,0.0007,-0.0945
255,1108582.0,908.8212189999999,1.0,1.58,0.75,-9.68,-6.88,-24.25,34.5,-10.38,18.62,11.06,-0.2750672531863718,-0.5524372211575781,-0.010704588834215656,-166.72765058183754,0.08021409786913415,-10.8450849117299,-0.0664,-0.9933,0.0007,-0.0945
256,1108617.0,908.850816,1.0,1.71,1.26,-9.75,-6.88,-24.25,34.5,-17.19,12.06,12.31,-0.269179328182242,-0.1533651739493034,-0.16722695997393622,-165.95667115359868,0.5958787923837214,-11.397725602729444,-0.0715,-0.9925,0.0052,-0.0993
257,1108617.0,908.850816,1.0,1.71,1.26,-9.75,-6.88,-24.25,34.5,-17.19,12.06,12.31,-0.269179328182242,-0.1533651739493034,-0.16722695997393622,-165.95667115359868,0.5958787923837214,-11.397725602729444,-0.0715,-0.9925,0.0052,-0.0993
258,1108652.0,908.894958,1.0,1.86,1.46,-9.33,-7.56,-25.0,35.25,-15.63,15.69,15.25,-0.11857005971188984,0.046662923947636936,0.1825207556232069,-165.31507383873742,1.0542572154525014,-11.800859775906506,-0.0748,-0.9918,0.0092,-0.1028
259,1108652.0,908.894958,1.0,1.86,1.46,-9.33,-7.56,-25.0,35.25,-15.63,15.69,15.25,-0.11857005971188984,0.046662923947636936,0.1825207556232069,-165.31507383873742,1.0542572154525014,-11.800859775906506,-0.0748,-0.9918,0.0092,-0.1028
260,1108688.0,908.922359,1.0,2.0,1.9,-8.94,-7.5,-25.0,34.06,-7.81,25.06,10.5,-0.07742670144830432,0.4835243859861829,0.4635343914859149,-164.35965769726891,1.4668120111410634,-12.734398426775371,-0.0781,-0.9907,0.0128,-0.1109
261,1108688.0,908.922359,1.0,2.0,1.9,-8.94,-7.5,-25.0,34.06,-7.81,25.06,10.5,-0.07742670144830432,0.4835243859861829,0.4635343914859149,-164.35965769726891,1.4668120111410634,-12.734398426775371,-0.0781,-0.9907,0.0128,-0.1109
262,1108723.0,908.957525,1.0,2.06,0.86,-9.73,-7.5,-25.0,34.06,-14.13,29.94,12.5,-0.3051085144053438,-0.7225616732508761,-0.14528013554588348,-163.37954086931006,1.7189378496716434,-13.645704477358525,-0.0809,-0.9895,0.015,-0.1188
263,1108723.0,908.957525,1.0,2.06,0.86,-9.73,-7.5,-25.0,34.06,-14.13,29.94,12.5,-0.3051085144053438,-0.7225616732508761,-0.14528013554588348,-163.37954086931006,1.7189378496716434,-13.645704477358525,-0.0809,-0.9895,0.015,-0.1188
264,1108758.0,909.0009150000001,1.0,2.39,1.98,-10.26,-8.25,-25.0,33.19,-18.5,9.63,15.63,-0.2889475499066243,0.19447653897404227,-0.906836276147068,-162.45372607444324,2.360753104216733,-14.257569796129179,-0.0862,-0.9883,0.0206,-0.1241
265,1108758.0,909.0009150000001,1.0,2.39,1.98,-10.26,-8.25,-25.0,33.19,-18.5,9.63,15.63,-0.2889475499066243,0.19447653897404227,-0.906836276147068,-162.45372607444324,2.360753104216733,-14.257569796129179,-0.0862,-0.9883,0.0206,-0.1241
266,1108793.0,909.030201,1.0,2.3,1.66,-8.92,-10.19,-26.19,32.75,-9.13,14.88,7.69,-0.08466492807770498,0.08431684104112475,0.4472845022608265,-162.0085427715158,2.704611892754087,-14.54632631618216,-0.08800000000000001,-0.9877,0.0236,-0.1266
267,1108793.0,909.030201,1.0,2.3,1.66,-8.92,-10.19,-26.19,32.75,-9.13,14.88,7.69,-0.08466492807770498,0.08431684104112475,0.4472845022608265,-162.0085427715158,2.704611892754087,-14.54632631618216,-0.08800000000000001,-0.9877,0.0236,-0.1266
268,1108830.0,909.097951,1.0,2.6,1.62,-10.4,-10.88,-25.0,33.19,-5.63,2.5,7.69,-0.2488991311592175,-0.2639731726698735,-1.0290672068404785,-161.4314273445042,3.048495041051397,-15.02008899858815,-0.0905,-0.9869,0.0266,-0.1307
269,1108830.0,909.097951,1.0,2.6,1.62,-10.4,-10.88,-25.0,33.19,-5.63,2.5,7.69,-0.2488991311592175,-0.2639731726698735,-1.0290672068404785,-161.4314273445042,3.048495041051397,-15.02008899858815,-0.0905,-0.9869,0.0266,-0.1307
270,1108865.0,909.1206279999999,1.0,2.37,1.89,-9.28,-10.88,-25.0,33.19,-12.31,-1.75,9.5,-0.20515124021430875,0.16922645725190072,0.047722017131979655,-161.28990608516978,3.346549205454908,-14.973857013009212,-0.0925,-0.9867,0.0292,-0.1303
271,1108865.0,909.1206279999999,1.0,2.37,1.89,-9.28,-10.88,-25.0,33.19,-12.31,-1.75,9.5,-0.20515124021430875,0.16922645725190072,0.047722017131979655,-161.28990608516978,3.346549205454908,-14.973857013009212,-0.0925,-0.9867,0.0292,-0.1303
272,1108901.0,909.1296,1.0,2.5,1.94,-9.6,-10.88,-26.19,32.38,-3.44,-1.0,4.19,-0.16491194642961424,0.1071551868262037,-0.29953235615512064,-161.07959134463854,3.6331610823402585,-14.950741939900693,-0.0955,-0.9864,0.0317,-0.1301
273,1108901.0,909.1296,1.0,2.5,1.94,-9.6,-10.88,-26.19,32.38,-3.44,-1.0,4.19,-0.16491194642961424,0.1071551868262037,-0.29953235615512064,-161.07959134463854,3.6331610823402585,-14.950741939900693,-0.0955,-0.9864,0.0317,-0.1301
274,1108936.0,909.164233,1.0,2.45,1.88,-9.14,-10.06,-25.75,34.06,-1.81,-0.44,2.31,-0.08767064492254795,0.1266015187609845,0.16026280512407176,-161.07959134463854,3.5873017007906127,-14.927627478593793,-0.096,-0.9864,0.0313,-0.1299
275,1108936.0,909.164233,1.0,2.45,1.88,-9.14,-10.06,-25.75,34.06,-1.81,-0.44,2.31,-0.08767064492254795,0.1266015187609845,0.16026280512407176,-161.07959134463854,3.5873017007906127,-14.927627478593793,-0.096,-0.9864,0.0313,-0.1299
276,1108971.0,909.205773,1.0,2.29,1.64,-9.18,-10.06,-25.75,34.06,-5.31,-2.06,4.44,-0.23070072151329304,-0.14865784711531002,0.20817209870833864,-160.94065918134044,3.724881599063971,-14.916070477056891,-0.0975,-0.9862,0.0325,-0.1298
277,1108971.0,909.205773,1.0,2.29,1.64,-9.18,-10.06,-25.75,34.06,-5.31,-2.06,4.44,-0.23070072151329304,-0.14865784711531002,0.20817209870833864,-160.94065918134044,3.724881599063971,-14.916070477056891,-0.0975,-0.9862,0.0325,-0.1298
278,1109006.0,909.251788,1.0,2.31,2.05,-9.26,-10.88,-26.5,32.0,-8.75,2.69,4.06,-0.2733117121542037,0.1858929405900384,0.05078281544699337,-160.66576217664587,3.919795697049856,-14.927627478593793,-0.1003,-0.9858,0.0342,-0.1299
279,1109006.0,909.251788,1.0,2.31,2.05,-9.26,-10.88,-26.5,32.0,-8.75,2.69,4.06,-0.2733117121542037,0.1858929405900384,0.05078281544699337,-160.66576217664587,3.919795697049856,-14.927627478593793,-0.1003,-0.9858,0.0342,-0.1299
280,1109043.0,909.2985789999999,1.0,2.36,1.88,-9.31,-12.0,-26.19,31.87,0.63,0.31,0.25,-0.2270401022424282,0.008951527674899332,0.022557162024368086,-160.59764077497127,4.11472114096103,-14.93918463283386,-0.1006,-0.9857,0.0359,-0.13
281,1109043.0,909.2985789999999,1.0,2.36,1.88,-9.31,-12.0,-26.19,31.87,0.63,0.31,0.25,-0.2270401022424282,0.008951527674899332,0.022557162024368086,-160.59764077497127,4.11472114096103,-14.93918463283386,-0.1006,-0.9857,0.0359,-0.13
282,1109078.0,909.324007,1.0,2.28,1.6,-9.12,-12.0,-26.19,31.87,-4.13,0.44,3.44,-0.2320529494395236,-0.23347719018231175,0.2764642814360112,-160.59764077497127,4.1720543955147065,-14.950741939900693,-0.1009,-0.9857,0.0364,-0.1301
283,1109078.0,909.324007,1.0,2.28,1.6,-9.12,-12.0,-26.19,31.87,-4.13,0.44,3.44,-0.2320529494395236,-0.23347719018231175,0.2764642814360112,-160.59764077497127,4.1720543955147065,-14.950741939900693,-0.1009,-0.9857,0.0364,-0.1301
284,1109112.0,909.396325,1.0,2.39,1.55,-9.14,-10.88,-26.87,32.38,-9.88,9.56,7.44,-0.16641402565750396,-0.3247237188617461,0.2399859587328912,-160.19378503937315,4.412865642375664,-15.18192036535379,-0.1033,-0.9851,0.0385,-0.1321
285,1109112.0,909.396325,1.0,2.39,1.55,-9.14,-10.88,-26.87,32.38,-9.88,9.56,7.44,-0.16641402565750396,-0.3247237188617461,0.2399859587328912,-160.19378503937315,4.412865642375664,-15.18192036535379,-0.1033,-0.9851,0.0385,-0.1321
286,1109147.0,909.400825,1.0,2.75,2.2,-9.63,-11.25,-26.19,31.5,-3.31,9.56,4.13,-0.07997164953139557,0.1760272152977682,-0.4452775726443594,-159.66766312617878,4.6078223124450055,-15.551935573755918,-0.1056,-0.9843,0.0402,-0.1353
287,1109147.0,909.400825,1.0,2.75,2.2,-9.63,-11.25,-26.19,31.5,-3.31,9.56,4.13,-0.07997164953139557,0.1760272152977682,-0.4452775726443594,-159.66766312617878,4.6078223124450055,-15.551935573755918,-0.1056,-0.9843,0.0402,-0.1353
288,1109184.0,909.429565,1.0,2.7,1.69,-9.95,-11.25,-26.5,31.56,4.94,1.69,-2.13,-0.17748885991427474,-0.38813092842372143,-0.632049731624015,-159.66766312617878,4.516076369343336,-15.679165793853409,-0.1052,-0.9843,0.0394,-0.1364
289,1109184.0,909.429565,1.0,2.7,1.69,-9.95,-11.25,-26.5,31.56,4.94,1.69,-2.13,-0.17748885991427474,-0.38813092842372143,-0.632049731624015,-159.66766312617878,4.516076369343336,-15.679165793853409,-0.1052,-0.9843,0.0394,-0.1364
290,1109217.0,909.464465,1.0,2.56,2.01,-9.31,-11.25,-26.5,31.56,-6.69,-3.75,3.63,-0.15518203334881808,0.03244961719706697,-0.05462099104722285,-159.66766312617878,4.63075925768904,-15.52880488350912,-0.1066,-0.9843,0.0404,-0.1351
291,1109217.0,909.464465,1.0,2.56,2.01,-9.31,-11.25,-26.5,31.56,-6.69,-3.75,3.63,-0.15518203334881808,0.03244961719706697,-0.05462099104722285,-159.66766312617878,4.63075925768904,-15.52880488350912,-0.1066,-0.9843,0.0404,-0.1351
292,1109254.0,909.496843,1.0,2.48,2.48,-9.11,-10.88,-26.87,32.38,-3.06,-5.81,-4.0,-0.20228275324585665,0.5112287540620649,0.06033649956510701,-159.73268910086296,4.573417240623146,-15.366907820940328,-0.1076,-0.9844,0.0399,-0.1337
293,1109254.0,909.496843,1.0,2.48,2.48,-9.11,-10.88,-26.87,32.38,-3.06,-5.81,-4.0,-0.20228275324585665,0.5112287540620649,0.06033649956510701,-159.73268910086296,4.573417240623146,-15.366907820940328,-0.1076,-0.9844,0.0399,-0.1337
294,1109291.0,909.531332,1.0,2.64,2.03,-9.83,-12.0,-26.19,32.69,0.94,-4.5,-7.5,-0.14633624645765586,-0.06982305127561295,-0.5708791107509459,-159.9290177639615,4.344060485976967,-15.18192036535379,-0.107,-0.9847,0.0379,-0.1321
295,1109291.0,909.531332,1.0,2.64,2.03,-9.83,-12.0,-26.19,32.69,0.94,-4.5,-7.5,-0.14633624645765586,-0.06982305127561295,-0.5708791107509459,-159.9290177639615,4.344060485976967,-15.18192036535379,-0.107,-0.9847,0.0379,-0.1321
296,1109323.0,909.5691009999999,1.0,2.63,2.35,-10.33,-12.0,-26.19,32.69,-1.12,-23.87,-8.31,-0.20826945340927505,0.12250947225144275,-1.1061825958013909,-160.39468315225946,4.194987989089829,-14.638747929971785,-0.1075,-0.9854,0.0366,-0.1274
297,1109323.0,909.5691009999999,1.0,2.63,2.35,-10.33,-12.0,-26.19,32.69,-1.12,-23.87,-8.31,-0.20826945340927505,0.12250947225144275,-1.1061825958013909,-160.39468315225946,4.194987989089829,-14.638747929971785,-0.1075,-0.9854,0.0366,-0.1274
298,1109358.0,909.605333,1.0,1.95,1.75,-8.89,-10.5,-26.5,30.69,10.5,-36.19,-12.31,-0.2351289775771408,-0.12273728528259685,0.5423772318489561,-161.57402592832648,3.851001219583861,-13.299539926123945,-0.105,-0.9871,0.0336,-0.1158
299,1109358.0,909.605333,1.0,1.95,1.75,-8.89,-10.5,-26.5,30.69,10.5,-36.19,-12.31,-0.2351289775771408,-0.12273728528259685,0.5423772318489561,-161.57402592832648,3.851001219583861,-13.299539926123945,-0.105,-0.9871,0.0336,-0.1158
300,1109395.0,909.651626,1.0,2.0,2.39,-10.3,-11.25,-27.25,31.56,6.69,-30.94,-13.69,-0.3826212378375908,0.2284717481094026,-0.9452568843006386,-162.37875406030932,3.6331610823402585,-12.388547751922633,-0.1039,-0.9882,0.0317,-0.1079
301,1109395.0,909.651626,1.0,2.0,2.39,-10.3,-11.25,-27.25,31.56,6.69,-30.94,-13.69,-0.3826212378375908,0.2284717481094026,-0.9452568843006386,-162.37875406030932,3.6331610823402585,-12.388547751922633,-0.1039,-0.9882,0.0317,-0.1079
302,1109432.0,909.69249,1.0,1.75,1.63,-9.89,-8.56,-27.25,32.75,27.56,-59.88,-22.0,-0.13038907475707784,-0.2908382982089293,-0.3633997429205813,-164.44410289964102,2.87655022805785,-10.465291924669183,-0.0969,-0.9908,0.0251,-0.0912
303,1109432.0,909.69249,1.0,1.75,1.63,-9.89,-8.56,-27.25,32.75,27.56,-59.88,-22.0,-0.13038907475707784,-0.2908382982089293,-0.3633997429205813,-164.44410289964102,2.87655022805785,-10.465291924669183,-0.0969,-0.9908,0.0251,-0.0912
304,1109465.0,909.719754,1.0,1.2,1.08,-9.03,-8.56,-27.25,32.75,13.69,-60.0,-15.06,-0.1902406083064363,-0.581009898118951,0.6538615719176057,-166.14541230093116,2.509755787270372,-8.636919564056372,-0.0919,-0.9927,0.0219,-0.0753
305,1109465.0,909.719754,1.0,1.2,1.08,-9.03,-8.56,-27.25,32.75,13.69,-60.0,-15.06,-0.1902406083064363,-0.581009898118951,0.6538615719176057,-166.14541230093116,2.509755787270372,-8.636919564056372,-0.0919,-0.9927,0.0219,-0.0753
306,1109504.0,909.756431,1.0,0.8,1.79,-9.0,-7.06,-26.87,34.06,6.06,-47.13,-7.38,-0.2960869983961156,0.17029923638226055,0.6018995601744646,-167.54604215985927,2.2919839967771853,-6.615607303690656,-0.08900000000000001,-0.9941,0.02,-0.0577
307,1109504.0,909.756431,1.0,0.8,1.79,-9.0,-7.06,-26.87,34.06,6.06,-47.13,-7.38,-0.2960869983961156,0.17029923638226055,0.6018995601744646,-167.54604215985927,2.2919839967771853,-6.615607303690656,-0.08900000000000001,-0.9941,0.02,-0.0577
308,1109538.0,909.770658,1.0,0.93,2.0,-10.74,-5.0,-26.87,32.75,13.81,-36.94,-11.5,-0.15337710643663327,0.1469374592874137,-1.1554385257454154,-168.53606406960452,2.051298459271143,-5.491036825631306,-0.0856,-0.995,0.0179,-0.0479
309,1109538.0,909.770658,1.0,0.93,2.0,-10.74,-5.0,-26.87,32.75,13.81,-36.94,-11.5,-0.15337710643663327,0.1469374592874137,-1.1554385257454154,-168.53606406960452,2.051298459271143,-5.491036825631306,-0.0856,-0.995,0.0179,-0.0479
310,1109571.0,909.809666,1.0,0.52,0.32,-8.8,-5.0,-26.87,32.75,37.88,-61.5,-15.69,-0.0011367636684729288,-1.0123555536383628,1.0437774720679638,-170.54785856879653,1.5355728478655368,-3.4497269749928665,-0.076,-0.9966,0.0134,-0.0301
311,1109571.0,909.809666,1.0,0.52,0.32,-8.8,-5.0,-26.87,32.75,37.88,-61.5,-15.69,-0.0011367636684729288,-1.0123555536383628,1.0437774720679638,-170.54785856879653,1.5355728478655368,-3.4497269749928665,-0.076,-0.9966,0.0134,-0.0301
312,1109606.0,909.8510359999999,1.0,0.18,1.34,-8.48,-4.5,-25.75,34.06,-6.31,-41.44,-2.69,-0.08160270957066898,0.08326045297047069,1.2203348011057802,-171.27085645575488,1.4897322301406863,-1.6272548279067642,-0.0735,-0.9971,0.013000000000000001,-0.0142
313,1109606.0,909.8510359999999,1.0,0.18,1.34,-8.48,-4.5,-25.75,34.06,-6.31,-41.44,-2.69,-0.08160270957066898,0.08326045297047069,1.2203348011057802,-171.27085645575488,1.4897322301406863,-1.6272548279067642,-0.0735,-0.9971,0.013000000000000001,-0.0142
314,1109643.0,909.905563,1.0,0.14,1.16,-10.82,-1.88,-25.0,35.69,4.81,-39.0,-2.13,0.006558683678565408,-0.4239400659540159,-1.067991686241777,-171.5773787315156,1.4668120111410634,-0.6531754234266163,-0.0729,-0.9973,0.0128,-0.0057
315,1109643.0,909.905563,1.0,0.14,1.16,-10.82,-1.88,-25.0,35.69,4.81,-39.0,-2.13,0.006558683678565408,-0.4239400659540159,-1.067991686241777,-171.5773787315156,1.4668120111410634,-0.6531754234266163,-0.0729,-0.9973,0.0128,-0.0057
316,1109678.0,909.9155099999999,1.0,-0.07,1.44,-10.66,-1.88,-25.0,35.69,6.06,-60.75,-0.19,0.0793835610643868,-0.10172451810820857,-0.9496249301348954,-171.5773787315156,1.5470330404085568,0.8938232239278141,-0.0718,-0.9973,0.0135,0.0078
317,1109678.0,909.9155099999999,1.0,-0.07,1.44,-10.66,-1.88,-25.0,35.69,6.06,-60.75,-0.19,0.0793835610643868,-0.10172451810820857,-0.9496249301348954,-171.5773787315156,1.5470330404085568,0.8938232239278141,-0.0718,-0.9973,0.0135,0.0078
318,1109712.0,909.998946,1.0,-0.88,0.71,-8.9,-1.19,-25.0,35.25,13.31,-55.56,-4.06,-0.3511237114607181,-0.5137476146809349,0.8567184065374178,-171.42275078156132,1.6043342375287626,3.40386984812725,-0.0674,-0.9972,0.013999999999999999,0.0297
319,1109712.0,909.998946,1.0,-0.88,0.71,-8.9,-1.19,-25.0,35.25,13.31,-55.56,-4.06,-0.3511237114607181,-0.5137476146809349,0.8567184065374178,-171.42275078156132,1.6043342375287626,3.40386984812725,-0.0674,-0.9972,0.013999999999999999,0.0297
320,1109747.0,910.002331,1.0,-1.04,1.38,-9.68,1.0,-25.0,36.06,-3.94,-54.69,2.38,-0.13001453866715335,0.05601396970495825,-0.02535684778712977,-170.40978378389514,1.7533192633889718,5.456620099259026,-0.0667,-0.9965,0.0153,0.0476
321,1109747.0,910.002331,1.0,-1.04,1.38,-9.68,1.0,-25.0,36.06,-3.94,-54.69,2.38,-0.13001453866715335,0.05601396970495825,-0.02535684778712977,-170.40978378389514,1.7533192633889718,5.456620099259026,-0.0667,-0.9965,0.0153,0.0476
322,1109784.0,910.026206,1.0,-1.17,1.3,-9.34,1.37,-24.69,35.69,0.81,-65.19,3.75,0.007065557095304764,0.04492417580371519,0.3044170047335033,-169.36940436804014,2.085681528609333,7.281463046960031,-0.0652,-0.9957,0.0182,0.0635
323,1109784.0,910.026206,1.0,-1.17,1.3,-9.34,1.37,-24.69,35.69,0.81,-65.19,3.75,0.007065557095304764,0.04492417580371519,0.3044170047335033,-169.36940436804014,2.085681528609333,7.281463046960031,-0.0652,-0.9957,0.0182,0.0635
324,1109819.0,910.061436,1.0,-1.71,1.3,-9.14,1.37,-24.69,35.69,5.13,-56.88,1.0,-0.1873077293447487,0.07118183816106036,0.4197682514935366,-167.75915046700433,2.2919839967771853,9.5450515760222,-0.0639,-0.9943,0.02,0.0832
325,1109819.0,910.061436,1.0,-1.71,1.3,-9.14,1.37,-24.69,35.69,5.13,-56.88,1.0,-0.1873077293447487,0.07118183816106036,0.4197682514935366,-167.75915046700433,2.2919839967771853,9.5450515760222,-0.0639,-0.9943,0.02,0.0832
326,1109854.0,910.1001130000001,1.0,-1.99,1.48,-9.32,4.38,-24.69,34.88,-3.63,-47.25,2.75,-0.20467827139565295,0.22163979300900696,0.1670502880112572,-166.62885834304856,2.3951379752687134,10.948685380949463,-0.0635,-0.9932,0.0209,0.0954
327,1109854.0,910.1001130000001,1.0,-1.99,1.48,-9.32,4.38,-24.69,34.88,-3.63,-47.25,2.75,-0.20467827139565295,0.22163979300900696,0.1670502880112572,-166.62885834304856,2.3951379752687134,10.948685380949463,-0.0635,-0.9932,0.0209,0.0954
328,1109891.0,910.145,1.0,-2.27,0.8,-8.73,7.0,-23.5,35.69,12.31,-31.87,-1.19,-0.3531494398560984,-0.3634883678188725,0.7651367594196543,-165.5865648948541,2.2919839967771853,12.342442956629045,-0.062,-0.9921,0.02,0.1075
329,1109891.0,910.145,1.0,-2.27,0.8,-8.73,7.0,-23.5,35.69,12.31,-31.87,-1.19,-0.3531494398560984,-0.3634883678188725,0.7651367594196543,-165.5865648948541,2.2919839967771853,12.342442956629045,-0.062,-0.9921,0.02,0.1075
330,1109925.0,910.1655910000001,1.0,-2.49,1.01,-9.11,7.0,-23.5,35.69,-2.81,-28.12,0.69,-0.3767573232160288,-0.2212798219395703,0.318689778761426,-164.87335484809628,2.3263684457528235,13.034229810442689,-0.0625,-0.9913,0.0203,0.1135
331,1109925.0,910.1655910000001,1.0,-2.49,1.01,-9.11,7.0,-23.5,35.69,-2.81,-28.12,0.69,-0.3767573232160288,-0.2212798219395703,0.318689778761426,-164.87335484809628,2.3263684457528235,13.034229810442689,-0.0625,-0.9913,0.0203,0.1135
332,1109958.0,910.199546,1.0,-2.59,1.37,-9.38,6.25,-24.69,35.5,-1.19,-25.19,2.44,-0.24532481550253984,0.10280159636782084,-0.01672251490967902,-164.02631287450075,2.521217704700676,14.084359674365961,-0.0621,-0.9903,0.022000000000000002,0.1226
333,1109958.0,910.199546,1.0,-2.59,1.37,-9.38,6.25,-24.69,35.5,-1.19,-25.19,2.44,-0.24532481550253984,0.10280159636782084,-0.01672251490967902,-164.02631287450075,2.521217704700676,14.084359674365961,-0.0621,-0.9903,0.022000000000000002,0.1226
334,1109995.0,910.2500570000001,1.0,-2.61,0.62,-9.12,7.38,-24.25,34.88,8.63,-10.81,-4.0,-0.22160677405600995,-0.5849666117674261,0.32089201759238506,-163.61910772281004,2.4868320276357756,14.604088706058507,-0.0608,-0.9898,0.0217,0.1271
335,1109995.0,910.2500570000001,1.0,-2.61,0.62,-9.12,7.38,-24.25,34.88,8.63,-10.81,-4.0,-0.22160677405600995,-0.5849666117674261,0.32089201759238506,-163.61910772281004,2.4868320276357756,14.604088706058507,-0.0608,-0.9898,0.0217,0.1271
336,1110032.0,910.2721449999999,1.0,-2.57,1.19,-9.54,8.5,-24.25,34.06,-2.44,-5.75,0.44,-0.04724356625364079,-0.06594770970193706,-0.14453178635245045,-163.37954086931006,2.440984806055245,14.858287755594214,-0.0609,-0.9895,0.0213,0.1293
337,1110032.0,910.2721449999999,1.0,-2.57,1.19,-9.54,8.5,-24.25,34.06,-2.44,-5.75,0.44,-0.04724356625364079,-0.06594770970193706,-0.14453178635245045,-163.37954086931006,2.440984806055245,14.858287755594214,-0.0609,-0.9895,0.0213,0.1293
338,1110065.0,910.310985,1.0,-2.74,0.97,-9.39,8.5,-24.25,34.06,4.19,-12.31,-2.5,-0.1831891525599474,-0.2601674636683811,-0.01777642728993101,-163.06535294380294,2.4295230620087382,15.216602467156429,-0.0601,-0.9891,0.0212,0.1324
339,1110065.0,910.310985,1.0,-2.74,0.97,-9.39,8.5,-24.25,34.06,4.19,-12.31,-2.5,-0.1831891525599474,-0.2601674636683811,-0.01777642728993101,-163.06535294380294,2.4295230620087382,15.216602467156429,-0.0601,-0.9891,0.0212,0.1324
340,1110102.0,910.349754,1.0,-2.94,1.3,-7.93,8.06,-24.25,34.88,3.44,2.69,-4.06,-0.7245977568695459,0.23917465370056834,1.2839594872706517,-162.8334582675195,2.3951379752687134,15.52880488350912,-0.0591,-0.9888,0.0209,0.1351
341,1110102.0,910.349754,1.0,-2.94,1.3,-7.93,8.06,-24.25,34.88,3.44,2.69,-4.06,-0.7245977568695459,0.23917465370056834,1.2839594872706517,-162.8334582675195,2.3951379752687134,15.52880488350912,-0.0591,-0.9888,0.0209,0.1351
342,1110136.0,910.3985,1.0,-2.78,0.86,-9.23,8.88,-23.87,34.88,0.44,1.5,-4.38,-0.2479015841059917,-0.3122692015994517,0.13701025746925133,-163.14335483645732,2.2575997541901875,15.29753283007483,-0.0582,-0.9892,0.0197,0.1331
343,1110136.0,910.3985,1.0,-2.78,0.86,-9.23,8.88,-23.87,34.88,0.44,1.5,-4.38,-0.2479015841059917,-0.3122692015994517,0.13701025746925133,-163.14335483645732,2.2575997541901875,15.29753283007483,-0.0582,-0.9892,0.0197,0.1331
344,1110171.0,910.40255,1.0,-2.77,0.86,-9.28,8.88,-23.87,34.88,-1.44,-0.88,0.0,-0.2073795077750773,-0.3106598657708026,0.09112715315566433,-163.06535294380294,2.2346770389286066,15.401597439742238,-0.0579,-0.9891,0.0195,0.134
345,1110171.0,910.40255,1.0,-2.77,0.86,-9.28,8.88,-23.87,34.88,-1.44,-0.88,0.0,-0.2073795077750773,-0.3106598657708026,0.09112715315566433,-163.06535294380294,2.2346770389286066,15.401597439742238,-0.0579,-0.9891,0.0195,0.134
346,1110206.0,910.4530300000001,1.0,-2.75,0.73,-9.68,9.25,-24.25,36.56,2.13,6.69,-2.75,-0.09429284827060892,-0.4827897364436525,-0.2708409044439062,-163.14335483645732,2.1659094260652934,15.309094936163461,-0.057999999999999996,-0.9892,0.0189,0.1332
347,1110206.0,910.4530300000001,1.0,-2.75,0.73,-9.68,9.25,-24.25,36.56,2.13,6.69,-2.75,-0.09429284827060892,-0.4827897364436525,-0.2708409044439062,-163.14335483645732,2.1659094260652934,15.309094936163461,-0.057999999999999996,-0.9892,0.0189,0.1332
348,1110243.0,910.4945449999999,1.0,-2.9,1.18,-8.53,8.88,-24.25,35.69,-0.5,6.19,-1.37,-0.5633154677956935,0.08455800323887623,0.7380875103972304,-163.22171672296716,2.142987063023817,15.25128597113998,-0.0579,-0.9893,0.0187,0.1327
349,1110243.0,910.4945449999999,1.0,-2.9,1.18,-8.53,8.88,-24.25,35.69,-0.5,6.19,-1.37,-0.5633154677956935,0.08455800323887623,0.7380875103972304,-163.22171672296716,2.142987063023817,15.25128597113998,-0.0579,-0.9893,0.0187,0.1327
350,1110276.0,910.5063550000001,1.0,-2.69,0.9,-9.61,8.88,-24.25,35.69,-4.38,4.94,1.31,-0.11328908170711816,-0.3028820473953676,-0.20802064108109344,-163.45901362866948,2.1315259137202647,14.996972698908555,-0.057999999999999996,-0.9896,0.0186,0.1305
351,1110276.0,910.5063550000001,1.0,-2.69,0.9,-9.61,8.88,-24.25,35.69,-4.38,4.94,1.31,-0.11328908170711816,-0.3028820473953676,-0.20802064108109344,-163.45901362866948,2.1315259137202647,14.996972698908555,-0.057999999999999996,-0.9896,0.0186,0.1305
352,1110310.0,910.6273,1.0,-2.74,1.28,-8.23,8.5,-24.69,34.88,-5.88,6.19,0.25,-0.5657607463104575,0.19757459142604225,1.059091537276981,-163.53886738912243,2.1773706400327653,14.754288420181696,-0.0594,-0.9897,0.019,0.1284
353,1110310.0,910.6273,1.0,-2.74,1.28,-8.23,8.5,-24.69,34.88,-5.88,6.19,0.25,-0.5657607463104575,0.19757459142604225,1.059091537276981,-163.53886738912243,2.1773706400327653,14.754288420181696,-0.0594,-0.9897,0.019,0.1284
354,1110345.0,910.646506,1.0,-2.52,1.03,-9.35,9.56,-23.87,36.06,-4.13,24.75,-2.88,-0.17706551637215528,-0.1729037174257498,0.07153047801095448,-164.19211217641143,2.051298459271143,14.061267443693245,-0.0599,-0.9905,0.0179,0.1224
355,1110345.0,910.646506,1.0,-2.52,1.03,-9.35,9.56,-23.87,36.06,-4.13,24.75,-2.88,-0.17706551637215528,-0.1729037174257498,0.07153047801095448,-164.19211217641143,2.051298459271143,14.061267443693245,-0.0599,-0.9905,0.0179,0.1224
356,1110382.0,910.680717,1.0,-2.29,1.11,-10.43,8.5,-24.69,37.0,-6.06,29.25,0.06,0.11495213287477712,-0.2325242151207,-0.9261883243450556,-165.04848521846108,2.0054546535892377,13.022696190101502,-0.0611,-0.9915,0.0175,0.1134
357,1110382.0,910.680717,1.0,-2.29,1.11,-10.43,8.5,-24.69,37.0,-6.06,29.25,0.06,0.11495213287477712,-0.2325242151207,-0.9261883243450556,-165.04848521846108,2.0054546535892377,13.022696190101502,-0.0611,-0.9915,0.0175,0.1134
358,1110417.0,910.699169,1.0,-2.29,1.13,-9.13,8.5,-24.69,37.0,-0.31,-5.5,2.94,-0.20163649454633847,-0.0706889426503631,0.3286625660848195,-165.13681976050614,2.0398374773549266,12.89583508427226,-0.0616,-0.9916,0.0178,0.1123
359,1110417.0,910.699169,1.0,-2.29,1.13,-9.13,8.5,-24.69,37.0,-0.31,-5.5,2.94,-0.20163649454633847,-0.0706889426503631,0.3286625660848195,-165.13681976050614,2.0398374773549266,12.89583508427226,-0.0616,-0.9916,0.0178,0.1123
360,1110454.0,910.748109,1.0,-2.34,0.79,-9.35,7.75,-24.69,36.19,2.63,4.94,1.19,-0.19543353963681145,-0.448611928523792,0.1483503013381675,-165.13681976050614,2.0742204847835874,12.88430304585338,-0.0622,-0.9916,0.0181,0.1122
361,1110454.0,910.748109,1.0,-2.34,0.79,-9.35,7.75,-24.69,36.19,2.63,4.94,1.19,-0.19543353963681145,-0.448611928523792,0.1483503013381675,-165.13681976050614,2.0742204847835874,12.88430304585338,-0.0622,-0.9916,0.0181,0.1122
362,1110489.0,910.7983310000001,1.0,-2.21,1.1,-9.74,7.75,-24.25,36.06,0.25,16.31,0.88,-0.036276700356421936,-0.1922898743352756,-0.2394143341180825,-165.31507383873742,2.0971425933011094,12.607573156584115,-0.0627,-0.9918,0.0183,0.1098
363,1110489.0,910.7983310000001,1.0,-2.21,1.1,-9.74,7.75,-24.25,36.06,0.25,16.31,0.88,-0.036276700356421936,-0.1922898743352756,-0.2394143341180825,-165.31507383873742,2.0971425933011094,12.607573156584115,-0.0627,-0.9918,0.0183,0.1098
364,1110521.0,910.810835,1.0,-2.2,1.11,-9.63,7.75,-24.25,36.06,-2.81,-0.31,2.0,-0.10658358898166977,-0.18697767641725024,-0.13129140086775415,-165.5865648948541,2.0971425933011094,12.284814782039538,-0.0636,-0.9921,0.0183,0.107
365,1110521.0,910.810835,1.0,-2.2,1.11,-9.63,7.75,-24.25,36.06,-2.81,-0.31,2.0,-0.10658358898166977,-0.18697767641725024,-0.13129140086775415,-165.5865648948541,2.0971425933011094,12.284814782039538,-0.0636,-0.9921,0.0183,0.107
366,1110556.0,910.8239289999999,1.0,-2.21,0.98,-9.6,7.0,-24.25,34.88,-0.94,4.25,2.31,-0.13183647553449185,-0.3260595343757711,-0.08682281412150418,-165.5865648948541,2.1659094260652934,12.215665087929844,-0.0642,-0.9921,0.0189,0.1064
367,1110556.0,910.8239289999999,1.0,-2.21,0.98,-9.6,7.0,-24.25,34.88,-0.94,4.25,2.31,-0.13183647553449185,-0.3260595343757711,-0.08682281412150418,-165.5865648948541,2.1659094260652934,12.215665087929844,-0.0642,-0.9921,0.0189,0.1064
368,1110593.0,910.888733,1.0,-2.28,1.59,-8.3,6.56,-24.69,34.38,3.88,23.12,0.56,-0.5616650382655505,0.4153375699463205,1.0814836928296179,-165.86324083896642,2.1773706400327653,11.754779974813852,-0.0653,-0.9924,0.019,0.1024
369,1110593.0,910.888733,1.0,-2.28,1.59,-8.3,6.56,-24.69,34.38,3.88,23.12,0.56,-0.5616650382655505,0.4153375699463205,1.0814836928296179,-165.86324083896642,2.1773706400327653,11.754779974813852,-0.0653,-0.9924,0.019,0.1024
370,1110628.0,910.9001539999999,1.0,-2.03,1.01,-9.86,6.56,-24.69,34.38,-9.63,31.81,3.94,-0.1398889063083072,-0.3767464038050412,-0.3027067174727716,-166.53078742603913,2.1773706400327653,10.856595634361932,-0.0669,-0.9931,0.019,0.0946
371,1110628.0,910.9001539999999,1.0,-2.03,1.01,-9.86,6.56,-24.69,34.38,-9.63,31.81,3.94,-0.1398889063083072,-0.3767464038050412,-0.3027067174727716,-166.53078742603913,2.1773706400327653,10.856595634361932,-0.0669,-0.9931,0.019,0.0946
372,1110663.0,910.910187,1.0,-1.8,0.9,-10.63,6.25,-24.69,35.69,-16.81,3.44,10.38,0.11725510631632075,-0.6729991662514125,-0.9905822084072876,-166.62885834304856,2.4982938949536853,10.22366575133618,-0.0712,-0.9932,0.0218,0.0891
373,1110663.0,910.910187,1.0,-1.8,0.9,-10.63,6.25,-24.69,35.69,-16.81,3.44,10.38,0.11725510631632075,-0.6729991662514125,-0.9905822084072876,-166.62885834304856,2.4982938949536853,10.22366575133618,-0.0712,-0.9932,0.0218,0.0891
374,1110697.0,910.9483949999999,1.0,-1.82,1.44,-9.69,5.88,-25.0,36.19,3.06,-3.44,5.06,-0.07349594314152097,-0.047471643250935884,-0.15700619586649545,-166.43342218753332,2.681687249969397,10.315708384533187,-0.0729,-0.993,0.0234,0.0899
375,1110697.0,910.9483949999999,1.0,-1.82,1.44,-9.69,5.88,-25.0,36.19,3.06,-3.44,5.06,-0.07349594314152097,-0.047471643250935884,-0.15700619586649545,-166.43342218753332,2.681687249969397,10.315708384533187,-0.0729,-0.993,0.0234,0.0899
376,1110734.0,910.992065,1.0,-1.86,1.2,-8.87,5.5,-25.75,35.69,2.81,17.62,0.56,-0.2976227863514702,-0.17742224114490854,0.6712002559867614,-166.62885834304856,2.658762714530565,10.039600263356236,-0.0732,-0.9932,0.0232,0.0875
377,1110734.0,910.992065,1.0,-1.86,1.2,-8.87,5.5,-25.75,35.69,2.81,17.62,0.56,-0.2976227863514702,-0.17742224114490854,0.6712002559867614,-166.62885834304856,2.658762714530565,10.039600263356236,-0.0732,-0.9932,0.0232,0.0875
378,1110769.0,911.0247220000001,1.0,-1.72,1.51,-10.4,5.5,-25.75,35.69,-9.06,4.69,1.81,0.044518490922922926,-0.12914476122372998,-0.8413469822786137,-166.72765058183754,2.670224968889185,9.729048380447908,-0.0755,-0.9933,0.0233,0.0848
379,1110769.0,911.0247220000001,1.0,-1.72,1.51,-10.4,5.5,-25.75,35.69,-9.06,4.69,1.81,0.044518490922922926,-0.12914476122372998,-0.8413469822786137,-166.72765058183754,2.670224968889185,9.729048380447908,-0.0755,-0.9933,0.0233,0.0848
380,1110806.0,911.063807,1.0,-1.82,1.54,-9.55,5.88,-25.37,35.69,-9.06,-13.63,3.44,-0.14866153242024827,-0.010284544052576556,-0.03531596097203327,-166.33674754112943,2.7963115557322795,10.039600263356236,-0.0769,-0.9929,0.0244,0.0875
381,1110806.0,911.063807,1.0,-1.82,1.54,-9.55,5.88,-25.37,35.69,-9.06,-13.63,3.44,-0.14866153242024827,-0.010284544052576556,-0.03531596097203327,-166.33674754112943,2.7963115557322795,10.039600263356236,-0.0769,-0.9929,0.0244,0.0875
382,1110841.0,911.099191,1.0,-2.05,1.48,-8.43,4.75,-25.0,34.06,-2.38,-0.5,1.5,-0.5562320246388142,0.06506952972781585,1.0234744984477742,-166.14541230093116,2.87655022805785,10.14313387414705,-0.0778,-0.9927,0.0251,0.0884
383,1110841.0,911.099191,1.0,-2.05,1.48,-8.43,4.75,-25.0,34.06,-2.38,-0.5,1.5,-0.5562320246388142,0.06506952972781585,1.0234744984477742,-166.14541230093116,2.87655022805785,10.14313387414705,-0.0778,-0.9927,0.0251,0.0884
384,1110876.0,911.14361,1.0,-1.7,1.4,-10.6,4.75,-25.0,34.06,-6.19,8.25,2.81,0.12178603869549455,-0.3469786820535781,-1.013459701614826,-166.33674754112943,2.9224015288032215,9.832557602907887,-0.0791,-0.9929,0.0255,0.0857
385,1110876.0,911.14361,1.0,-1.7,1.4,-10.6,4.75,-25.0,34.06,-6.19,8.25,2.81,0.12178603869549455,-0.3469786820535781,-1.013459701614826,-166.33674754112943,2.9224015288032215,9.832557602907887,-0.0791,-0.9929,0.0255,0.0857
386,1110908.0,911.150217,1.0,-1.85,1.55,-9.23,5.5,-25.37,35.25,0.63,-8.81,1.06,-0.23585797131581065,-0.01344067145818207,0.269245197554131,-166.05072408085044,2.9797163137078666,10.039600263356236,-0.0798,-0.9926,0.026000000000000002,0.0875
387,1110908.0,911.150217,1.0,-1.85,1.55,-9.23,5.5,-25.37,35.25,0.63,-8.81,1.06,-0.23585797131581065,-0.01344067145818207,0.269245197554131,-166.05072408085044,2.9797163137078666,10.039600263356236,-0.0798,-0.9926,0.026000000000000002,0.0875
388,1110945.0,911.191691,1.0,-1.82,1.49,-9.5,5.06,-25.37,34.06,-3.06,1.31,0.94,-0.1618468725894633,-0.12028130641877548,0.02187417236045164,-166.05072408085044,2.9911793597011727,10.005090889774307,-0.0802,-0.9926,0.0261,0.0872
389,1110945.0,911.191691,1.0,-1.82,1.49,-9.5,5.06,-25.37,34.06,-3.06,1.31,0.94,-0.1618468725894633,-0.12028130641877548,0.02187417236045164,-166.05072408085044,2.9911793597011727,10.005090889774307,-0.0802,-0.9926,0.0261,0.0872
